1080664269 1409541778 1423387595 1513151634 1515471339 1907405702 1912192257 1956052955 1957391525 1962826856 1968286383 2087826719 2088311620 2110977101
1409541778 1423387595 1513151634 1515471339 1907405702 1912192257 1956052955 1957391525 1962826856 1968286383 2087826719 2088311620 2110977101
1423387595 1513151634 1515471339 1907405702 1912192257 1956052955 1957391525 1962826856 1968286383 2087826719 2088311620 2110977101
1513151634 1515471339 1907405702 1912192257 1956052955 1957391525 1962826856 1968286383 2087826719 2088311620 2110977101
1515471339 1907405702 1912192257 1956052955 1957391525 1962826856 1968286383 2087826719 2088311620 2110977101
1907405702 1912192257 1956052955 1957391525 1962826856 1968286383 2087826719 2088311620 2110977101
1912192257 1956052955 1957391525 1962826856 1968286383 2087826719 2088311620 2110977101
1956052955 1957391525 1962826856 1968286383 2087826719 2088311620 2110977101
1957391525 1962826856 1968286383 2087826719 2088311620 2110977101
1962826856 1968286383 2087826719 2088311620 2110977101
1968286383 2087826719 2088311620 2110977101
2087826719 2088311620 2110977101
2088311620 2110977101
