129029325 172794495 546979997 624237971 632162072 646198035 649804388 650892239 651622489 653134701 654239993 677973350 712355772 721673428 724921794 726233714 1024487586 1025795440 1038306100 1306415531 1307761724 1380113906 1383503671 1386499570 1393281763 1402068656 1436362485 1436902121 1439876005 1565198011 1571987938 1578228476 2084173764 2087475946 2089748241 2091542392 2092363721 2096309503 2099587247 2101028400 2104031122 2135187765 2137277251 2140708671
172794495 546979997 624237971 632162072 646198035 649804388 650892239 651622489 653134701 654239993 677973350 712355772 721673428 724921794 726233714 1024487586 1025795440 1038306100 1306415531 1307761724 1380113906 1383503671 1386499570 1393281763 1402068656 1436362485 1436902121 1439876005 1565198011 1571987938 1578228476 2084173764 2087475946 2089748241 2091542392 2092363721 2096309503 2099587247 2101028400 2104031122 2135187765 2137277251 2140708671
546979997 624237971 632162072 646198035 649804388 650892239 651622489 653134701 654239993 677973350 712355772 721673428 724921794 726233714 1024487586 1025795440 1038306100 1306415531 1307761724 1380113906 1383503671 1386499570 1393281763 1402068656 1436362485 1436902121 1439876005 1565198011 1571987938 1578228476 2084173764 2087475946 2089748241 2091542392 2092363721 2096309503 2099587247 2101028400 2104031122 2135187765 2137277251 2140708671
624237971 632162072 646198035 649804388 650892239 651622489 653134701 654239993 677973350 712355772 721673428 724921794 726233714 1024487586 1025795440 1038306100 1306415531 1307761724 1380113906 1383503671 1386499570 1393281763 1402068656 1436362485 1436902121 1439876005 1565198011 1571987938 1578228476 2084173764 2087475946 2089748241 2091542392 2092363721 2096309503 2099587247 2101028400 2104031122 2135187765 2137277251 2140708671
632162072 646198035 649804388 650892239 651622489 653134701 654239993 677973350 712355772 721673428 724921794 726233714 1024487586 1025795440 1038306100 1306415531 1307761724 1380113906 1383503671 1386499570 1393281763 1402068656 1436362485 1436902121 1439876005 1565198011 1571987938 1578228476 2084173764 2087475946 2089748241 2091542392 2092363721 2096309503 2099587247 2101028400 2104031122 2135187765 2137277251 2140708671
646198035 649804388 650892239 651622489 653134701 654239993 677973350 712355772 721673428 724921794 726233714 1024487586 1025795440 1038306100 1306415531 1307761724 1380113906 1383503671 1386499570 1393281763 1402068656 1436362485 1436902121 1439876005 1565198011 1571987938 1578228476 2084173764 2087475946 2089748241 2091542392 2092363721 2096309503 2099587247 2101028400 2104031122 2135187765 2137277251 2140708671
649804388 650892239 651622489 653134701 654239993 677973350 712355772 721673428 724921794 726233714 1024487586 1025795440 1038306100 1306415531 1307761724 1380113906 1383503671 1386499570 1393281763 1402068656 1436362485 1436902121 1439876005 1565198011 1571987938 1578228476 2084173764 2087475946 2089748241 2091542392 2092363721 2096309503 2099587247 2101028400 2104031122 2135187765 2137277251 2140708671
650892239 651622489 653134701 654239993 677973350 712355772 721673428 724921794 726233714 1024487586 1025795440 1038306100 1306415531 1307761724 1380113906 1383503671 1386499570 1393281763 1402068656 1436362485 1436902121 1439876005 1565198011 1571987938 1578228476 2084173764 2087475946 2089748241 2091542392 2092363721 2096309503 2099587247 2101028400 2104031122 2135187765 2137277251 2140708671
651622489 653134701 654239993 677973350 712355772 721673428 724921794 726233714 1024487586 1025795440 1038306100 1306415531 1307761724 1380113906 1383503671 1386499570 1393281763 1402068656 1436362485 1436902121 1439876005 1565198011 1571987938 1578228476 2084173764 2087475946 2089748241 2091542392 2092363721 2096309503 2099587247 2101028400 2104031122 2135187765 2137277251 2140708671
653134701 654239993 677973350 712355772 721673428 724921794 726233714 1024487586 1025795440 1038306100 1306415531 1307761724 1380113906 1383503671 1386499570 1393281763 1402068656 1436362485 1436902121 1439876005 1565198011 1571987938 1578228476 2084173764 2087475946 2089748241 2091542392 2092363721 2096309503 2099587247 2101028400 2104031122 2135187765 2137277251 2140708671
654239993 677973350 712355772 721673428 724921794 726233714 1024487586 1025795440 1038306100 1306415531 1307761724 1380113906 1383503671 1386499570 1393281763 1402068656 1436362485 1436902121 1439876005 1565198011 1571987938 1578228476 2084173764 2087475946 2089748241 2091542392 2092363721 2096309503 2099587247 2101028400 2104031122 2135187765 2137277251 2140708671
677973350 712355772 721673428 724921794 726233714 1024487586 1025795440 1038306100 1306415531 1307761724 1380113906 1383503671 1386499570 1393281763 1402068656 1436362485 1436902121 1439876005 1565198011 1571987938 1578228476 2084173764 2087475946 2089748241 2091542392 2092363721 2096309503 2099587247 2101028400 2104031122 2135187765 2137277251 2140708671
712355772 721673428 724921794 726233714 1024487586 1025795440 1038306100 1306415531 1307761724 1380113906 1383503671 1386499570 1393281763 1402068656 1436362485 1436902121 1439876005 1565198011 1571987938 1578228476 2084173764 2087475946 2089748241 2091542392 2092363721 2096309503 2099587247 2101028400 2104031122 2135187765 2137277251 2140708671
721673428 724921794 726233714 1024487586 1025795440 1038306100 1306415531 1307761724 1380113906 1383503671 1386499570 1393281763 1402068656 1436362485 1436902121 1439876005 1565198011 1571987938 1578228476 2084173764 2087475946 2089748241 2091542392 2092363721 2096309503 2099587247 2101028400 2104031122 2135187765 2137277251 2140708671
724921794 726233714 1024487586 1025795440 1038306100 1306415531 1307761724 1380113906 1383503671 1386499570 1393281763 1402068656 1436362485 1436902121 1439876005 1565198011 1571987938 1578228476 2084173764 2087475946 2089748241 2091542392 2092363721 2096309503 2099587247 2101028400 2104031122 2135187765 2137277251 2140708671
726233714 1024487586 1025795440 1038306100 1306415531 1307761724 1380113906 1383503671 1386499570 1393281763 1402068656 1436362485 1436902121 1439876005 1565198011 1571987938 1578228476 2084173764 2087475946 2089748241 2091542392 2092363721 2096309503 2099587247 2101028400 2104031122 2135187765 2137277251 2140708671
1024487586 1025795440 1038306100 1306415531 1307761724 1380113906 1383503671 1386499570 1393281763 1402068656 1436362485 1436902121 1439876005 1565198011 1571987938 1578228476 2084173764 2087475946 2089748241 2091542392 2092363721 2096309503 2099587247 2101028400 2104031122 2135187765 2137277251 2140708671
1025795440 1038306100 1306415531 1307761724 1380113906 1383503671 1386499570 1393281763 1402068656 1436362485 1436902121 1439876005 1565198011 1571987938 1578228476 2084173764 2087475946 2089748241 2091542392 2092363721 2096309503 2099587247 2101028400 2104031122 2135187765 2137277251 2140708671
1038306100 1306415531 1307761724 1380113906 1383503671 1386499570 1393281763 1402068656 1436362485 1436902121 1439876005 1565198011 1571987938 1578228476 2084173764 2087475946 2089748241 2091542392 2092363721 2096309503 2099587247 2101028400 2104031122 2135187765 2137277251 2140708671
1306415531 1307761724 1380113906 1383503671 1386499570 1393281763 1402068656 1436362485 1436902121 1439876005 1565198011 1571987938 1578228476 2084173764 2087475946 2089748241 2091542392 2092363721 2096309503 2099587247 2101028400 2104031122 2135187765 2137277251 2140708671
1307761724 1380113906 1383503671 1386499570 1393281763 1402068656 1436362485 1436902121 1439876005 1565198011 1571987938 1578228476 2084173764 2087475946 2089748241 2091542392 2092363721 2096309503 2099587247 2101028400 2104031122 2135187765 2137277251 2140708671
1380113906 1383503671 1386499570 1393281763 1402068656 1436362485 1436902121 1439876005 1565198011 1571987938 1578228476 2084173764 2087475946 2089748241 2091542392 2092363721 2096309503 2099587247 2101028400 2104031122 2135187765 2137277251 2140708671
1383503671 1386499570 1393281763 1402068656 1436362485 1436902121 1439876005 1565198011 1571987938 1578228476 2084173764 2087475946 2089748241 2091542392 2092363721 2096309503 2099587247 2101028400 2104031122 2135187765 2137277251 2140708671
1386499570 1393281763 1402068656 1436362485 1436902121 1439876005 1565198011 1571987938 1578228476 2084173764 2087475946 2089748241 2091542392 2092363721 2096309503 2099587247 2101028400 2104031122 2135187765 2137277251 2140708671
1393281763 1402068656 1436362485 1436902121 1439876005 1565198011 1571987938 1578228476 2084173764 2087475946 2089748241 2091542392 2092363721 2096309503 2099587247 2101028400 2104031122 2135187765 2137277251 2140708671
1402068656 1436362485 1436902121 1439876005 1565198011 1571987938 1578228476 2084173764 2087475946 2089748241 2091542392 2092363721 2096309503 2099587247 2101028400 2104031122 2135187765 2137277251 2140708671
1436362485 1436902121 1439876005 1565198011 1571987938 1578228476 2084173764 2087475946 2089748241 2091542392 2092363721 2096309503 2099587247 2101028400 2104031122 2135187765 2137277251 2140708671
1436902121 1439876005 1565198011 1571987938 1578228476 2084173764 2087475946 2089748241 2091542392 2092363721 2096309503 2099587247 2101028400 2104031122 2135187765 2137277251 2140708671
1439876005 1565198011 1571987938 1578228476 2084173764 2087475946 2089748241 2091542392 2092363721 2096309503 2099587247 2101028400 2104031122 2135187765 2137277251 2140708671
1565198011 1571987938 1578228476 2084173764 2087475946 2089748241 2091542392 2092363721 2096309503 2099587247 2101028400 2104031122 2135187765 2137277251 2140708671
1571987938 1578228476 2084173764 2087475946 2089748241 2091542392 2092363721 2096309503 2099587247 2101028400 2104031122 2135187765 2137277251 2140708671
1578228476 2084173764 2087475946 2089748241 2091542392 2092363721 2096309503 2099587247 2101028400 2104031122 2135187765 2137277251 2140708671
2084173764 2087475946 2089748241 2091542392 2092363721 2096309503 2099587247 2101028400 2104031122 2135187765 2137277251 2140708671
2087475946 2089748241 2091542392 2092363721 2096309503 2099587247 2101028400 2104031122 2135187765 2137277251 2140708671
2089748241 2091542392 2092363721 2096309503 2099587247 2101028400 2104031122 2135187765 2137277251 2140708671
2091542392 2092363721 2096309503 2099587247 2101028400 2104031122 2135187765 2137277251 2140708671
2092363721 2096309503 2099587247 2101028400 2104031122 2135187765 2137277251 2140708671
2096309503 2099587247 2101028400 2104031122 2135187765 2137277251 2140708671
2099587247 2101028400 2104031122 2135187765 2137277251 2140708671
2101028400 2104031122 2135187765 2137277251 2140708671
2104031122 2135187765 2137277251 2140708671
2135187765 2137277251 2140708671
2137277251 2140708671
