81360083 156295110 213617893 214029867 220015964 220438100 223694228 227349516 229389756 230706637 231347619 232147167 233225317 402711009 408312426 410358630 417574239 466111715 520543702 520641448 527105644 977463366 978679606 996447891 1033459250 1035244618 1221813292 1222112592 1242912901 1245772373 1308827016 1309695247 1318639942 1341977023 1351244161 1573027797 1614021945 2000851169 2008743663 2124494862 2129678330 2131854708 2132052518
156295110 213617893 214029867 220015964 220438100 223694228 227349516 229389756 230706637 231347619 232147167 233225317 402711009 408312426 410358630 417574239 466111715 520543702 520641448 527105644 977463366 978679606 996447891 1033459250 1035244618 1221813292 1222112592 1242912901 1245772373 1308827016 1309695247 1318639942 1341977023 1351244161 1573027797 1614021945 2000851169 2008743663 2124494862 2129678330 2131854708 2132052518
213617893 214029867 220015964 220438100 223694228 227349516 229389756 230706637 231347619 232147167 233225317 402711009 408312426 410358630 417574239 466111715 520543702 520641448 527105644 977463366 978679606 996447891 1033459250 1035244618 1221813292 1222112592 1242912901 1245772373 1308827016 1309695247 1318639942 1341977023 1351244161 1573027797 1614021945 2000851169 2008743663 2124494862 2129678330 2131854708 2132052518
214029867 220015964 220438100 223694228 227349516 229389756 230706637 231347619 232147167 233225317 402711009 408312426 410358630 417574239 466111715 520543702 520641448 527105644 977463366 978679606 996447891 1033459250 1035244618 1221813292 1222112592 1242912901 1245772373 1308827016 1309695247 1318639942 1341977023 1351244161 1573027797 1614021945 2000851169 2008743663 2124494862 2129678330 2131854708 2132052518
220015964 220438100 223694228 227349516 229389756 230706637 231347619 232147167 233225317 402711009 408312426 410358630 417574239 466111715 520543702 520641448 527105644 977463366 978679606 996447891 1033459250 1035244618 1221813292 1222112592 1242912901 1245772373 1308827016 1309695247 1318639942 1341977023 1351244161 1573027797 1614021945 2000851169 2008743663 2124494862 2129678330 2131854708 2132052518
220438100 223694228 227349516 229389756 230706637 231347619 232147167 233225317 402711009 408312426 410358630 417574239 466111715 520543702 520641448 527105644 977463366 978679606 996447891 1033459250 1035244618 1221813292 1222112592 1242912901 1245772373 1308827016 1309695247 1318639942 1341977023 1351244161 1573027797 1614021945 2000851169 2008743663 2124494862 2129678330 2131854708 2132052518
223694228 227349516 229389756 230706637 231347619 232147167 233225317 402711009 408312426 410358630 417574239 466111715 520543702 520641448 527105644 977463366 978679606 996447891 1033459250 1035244618 1221813292 1222112592 1242912901 1245772373 1308827016 1309695247 1318639942 1341977023 1351244161 1573027797 1614021945 2000851169 2008743663 2124494862 2129678330 2131854708 2132052518
227349516 229389756 230706637 231347619 232147167 233225317 402711009 408312426 410358630 417574239 466111715 520543702 520641448 527105644 977463366 978679606 996447891 1033459250 1035244618 1221813292 1222112592 1242912901 1245772373 1308827016 1309695247 1318639942 1341977023 1351244161 1573027797 1614021945 2000851169 2008743663 2124494862 2129678330 2131854708 2132052518
229389756 230706637 231347619 232147167 233225317 402711009 408312426 410358630 417574239 466111715 520543702 520641448 527105644 977463366 978679606 996447891 1033459250 1035244618 1221813292 1222112592 1242912901 1245772373 1308827016 1309695247 1318639942 1341977023 1351244161 1573027797 1614021945 2000851169 2008743663 2124494862 2129678330 2131854708 2132052518
230706637 231347619 232147167 233225317 402711009 408312426 410358630 417574239 466111715 520543702 520641448 527105644 977463366 978679606 996447891 1033459250 1035244618 1221813292 1222112592 1242912901 1245772373 1308827016 1309695247 1318639942 1341977023 1351244161 1573027797 1614021945 2000851169 2008743663 2124494862 2129678330 2131854708 2132052518
231347619 232147167 233225317 402711009 408312426 410358630 417574239 466111715 520543702 520641448 527105644 977463366 978679606 996447891 1033459250 1035244618 1221813292 1222112592 1242912901 1245772373 1308827016 1309695247 1318639942 1341977023 1351244161 1573027797 1614021945 2000851169 2008743663 2124494862 2129678330 2131854708 2132052518
232147167 233225317 402711009 408312426 410358630 417574239 466111715 520543702 520641448 527105644 977463366 978679606 996447891 1033459250 1035244618 1221813292 1222112592 1242912901 1245772373 1308827016 1309695247 1318639942 1341977023 1351244161 1573027797 1614021945 2000851169 2008743663 2124494862 2129678330 2131854708 2132052518
233225317 402711009 408312426 410358630 417574239 466111715 520543702 520641448 527105644 977463366 978679606 996447891 1033459250 1035244618 1221813292 1222112592 1242912901 1245772373 1308827016 1309695247 1318639942 1341977023 1351244161 1573027797 1614021945 2000851169 2008743663 2124494862 2129678330 2131854708 2132052518
402711009 408312426 410358630 417574239 466111715 520543702 520641448 527105644 977463366 978679606 996447891 1033459250 1035244618 1221813292 1222112592 1242912901 1245772373 1308827016 1309695247 1318639942 1341977023 1351244161 1573027797 1614021945 2000851169 2008743663 2124494862 2129678330 2131854708 2132052518
408312426 410358630 417574239 466111715 520543702 520641448 527105644 977463366 978679606 996447891 1033459250 1035244618 1221813292 1222112592 1242912901 1245772373 1308827016 1309695247 1318639942 1341977023 1351244161 1573027797 1614021945 2000851169 2008743663 2124494862 2129678330 2131854708 2132052518
410358630 417574239 466111715 520543702 520641448 527105644 977463366 978679606 996447891 1033459250 1035244618 1221813292 1222112592 1242912901 1245772373 1308827016 1309695247 1318639942 1341977023 1351244161 1573027797 1614021945 2000851169 2008743663 2124494862 2129678330 2131854708 2132052518
417574239 466111715 520543702 520641448 527105644 977463366 978679606 996447891 1033459250 1035244618 1221813292 1222112592 1242912901 1245772373 1308827016 1309695247 1318639942 1341977023 1351244161 1573027797 1614021945 2000851169 2008743663 2124494862 2129678330 2131854708 2132052518
466111715 520543702 520641448 527105644 977463366 978679606 996447891 1033459250 1035244618 1221813292 1222112592 1242912901 1245772373 1308827016 1309695247 1318639942 1341977023 1351244161 1573027797 1614021945 2000851169 2008743663 2124494862 2129678330 2131854708 2132052518
520543702 520641448 527105644 977463366 978679606 996447891 1033459250 1035244618 1221813292 1222112592 1242912901 1245772373 1308827016 1309695247 1318639942 1341977023 1351244161 1573027797 1614021945 2000851169 2008743663 2124494862 2129678330 2131854708 2132052518
520641448 527105644 977463366 978679606 996447891 1033459250 1035244618 1221813292 1222112592 1242912901 1245772373 1308827016 1309695247 1318639942 1341977023 1351244161 1573027797 1614021945 2000851169 2008743663 2124494862 2129678330 2131854708 2132052518
527105644 977463366 978679606 996447891 1033459250 1035244618 1221813292 1222112592 1242912901 1245772373 1308827016 1309695247 1318639942 1341977023 1351244161 1573027797 1614021945 2000851169 2008743663 2124494862 2129678330 2131854708 2132052518
977463366 978679606 996447891 1033459250 1035244618 1221813292 1222112592 1242912901 1245772373 1308827016 1309695247 1318639942 1341977023 1351244161 1573027797 1614021945 2000851169 2008743663 2124494862 2129678330 2131854708 2132052518
978679606 996447891 1033459250 1035244618 1221813292 1222112592 1242912901 1245772373 1308827016 1309695247 1318639942 1341977023 1351244161 1573027797 1614021945 2000851169 2008743663 2124494862 2129678330 2131854708 2132052518
996447891 1033459250 1035244618 1221813292 1222112592 1242912901 1245772373 1308827016 1309695247 1318639942 1341977023 1351244161 1573027797 1614021945 2000851169 2008743663 2124494862 2129678330 2131854708 2132052518
1033459250 1035244618 1221813292 1222112592 1242912901 1245772373 1308827016 1309695247 1318639942 1341977023 1351244161 1573027797 1614021945 2000851169 2008743663 2124494862 2129678330 2131854708 2132052518
1035244618 1221813292 1222112592 1242912901 1245772373 1308827016 1309695247 1318639942 1341977023 1351244161 1573027797 1614021945 2000851169 2008743663 2124494862 2129678330 2131854708 2132052518
1221813292 1222112592 1242912901 1245772373 1308827016 1309695247 1318639942 1341977023 1351244161 1573027797 1614021945 2000851169 2008743663 2124494862 2129678330 2131854708 2132052518
1222112592 1242912901 1245772373 1308827016 1309695247 1318639942 1341977023 1351244161 1573027797 1614021945 2000851169 2008743663 2124494862 2129678330 2131854708 2132052518
1242912901 1245772373 1308827016 1309695247 1318639942 1341977023 1351244161 1573027797 1614021945 2000851169 2008743663 2124494862 2129678330 2131854708 2132052518
1245772373 1308827016 1309695247 1318639942 1341977023 1351244161 1573027797 1614021945 2000851169 2008743663 2124494862 2129678330 2131854708 2132052518
1308827016 1309695247 1318639942 1341977023 1351244161 1573027797 1614021945 2000851169 2008743663 2124494862 2129678330 2131854708 2132052518
1309695247 1318639942 1341977023 1351244161 1573027797 1614021945 2000851169 2008743663 2124494862 2129678330 2131854708 2132052518
1318639942 1341977023 1351244161 1573027797 1614021945 2000851169 2008743663 2124494862 2129678330 2131854708 2132052518
1341977023 1351244161 1573027797 1614021945 2000851169 2008743663 2124494862 2129678330 2131854708 2132052518
1351244161 1573027797 1614021945 2000851169 2008743663 2124494862 2129678330 2131854708 2132052518
1573027797 1614021945 2000851169 2008743663 2124494862 2129678330 2131854708 2132052518
1614021945 2000851169 2008743663 2124494862 2129678330 2131854708 2132052518
2000851169 2008743663 2124494862 2129678330 2131854708 2132052518
2008743663 2124494862 2129678330 2131854708 2132052518
2124494862 2129678330 2131854708 2132052518
2129678330 2131854708 2132052518
2131854708 2132052518
