51328283 2057653259
1
dspsift 134
1774 711
1 1
1377 432
6 6
3 4
7 7
5 10
78 27
10 9
14 11
9 5
21 14
16 25
77 122
32 16
71 56
341 262
51 42
753 152
232 203
26 52
64 72
39 89
509 391
174 167
300 286
321 288
270 238
126 71
102 82
69 76
33 33
131 60
129 164
477 247
278 193
27 29
390 374
1296 608
379 188
311 371
144 97
61 67
482 419
653 304
200 130
86 201
62 62
40 32
81 128
53 117
1445 567
70 269
91 172
132 100
332 178
82 73
47 124
59 44
732 750
218 136
97 81
629 340
176 125
73 162
273 179
1076 777
901 382
442 243
510 177
254 127
1035 1588
2140 954
465 305
527 405
235 360
164 144
109 120
845 1694
1712 726
243 200
2842 6748
265 191
583 370
1813 534
508 558
333 187
666 594
864 744
105 226
4359 4317
1053 563
1458 914
648 559
610 301
1292 1185
1003 538
768 300
457 321
1523 2828
993 1198
8864 12641
1070 840
515 315
406 341
529 413
2109 570
1107 619
531 613
236 290
1198 552
5738 4987
1110 982
1429 919
7581 2741
935 646
4608 18107
552 145
1811 7265
1253 1597
1150 2052
347 211
1352 520
827 658
10190 11481
1422 1359
681 447
4460 2656
3359 3629
2067 2859
12676 1236
2394 1266
585 796
976 499
