395484995 446678479 462450697 468034491 924517586 927178761 1007986102 1064146393 1072690831 1229031559 1246073181 1247110223 1253953133 1266115035 1266546792 1736290205
446678479 462450697 468034491 924517586 927178761 1007986102 1064146393 1072690831 1229031559 1246073181 1247110223 1253953133 1266115035 1266546792 1736290205
462450697 468034491 924517586 927178761 1007986102 1064146393 1072690831 1229031559 1246073181 1247110223 1253953133 1266115035 1266546792 1736290205
468034491 924517586 927178761 1007986102 1064146393 1072690831 1229031559 1246073181 1247110223 1253953133 1266115035 1266546792 1736290205
924517586 927178761 1007986102 1064146393 1072690831 1229031559 1246073181 1247110223 1253953133 1266115035 1266546792 1736290205
927178761 1007986102 1064146393 1072690831 1229031559 1246073181 1247110223 1253953133 1266115035 1266546792 1736290205
1007986102 1064146393 1072690831 1229031559 1246073181 1247110223 1253953133 1266115035 1266546792 1736290205
1064146393 1072690831 1229031559 1246073181 1247110223 1253953133 1266115035 1266546792 1736290205
1072690831 1229031559 1246073181 1247110223 1253953133 1266115035 1266546792 1736290205
1229031559 1246073181 1247110223 1253953133 1266115035 1266546792 1736290205
1246073181 1247110223 1253953133 1266115035 1266546792 1736290205
1247110223 1253953133 1266115035 1266546792 1736290205
1253953133 1266115035 1266546792 1736290205
1266115035 1266546792 1736290205
1266546792 1736290205
