1080664269 1515471339
2
sift 15
4 3
6 5
10 7
21 39
19 44
99 24
1618 865
872 804
38 73
63 143
1082 751
691 354
1078 648
1069 583
1477 570
akaze 36
577 535
571 527
563 519
530 487
537 500
549 528
553 505
552 507
524 454
512 465
519 466
493 485
520 443
495 437
494 438
581 314
448 373
449 407
474 423
462 307
354 390
345 375
486 231
293 218
348 240
319 230
326 263
309 94
141 234
311 78
330 92
292 77
138 89
73 48
143 91
23 20
1080664269 1941149670
2
sift 21
4 1
75 193
6 6
10 8
12 9
13 14
21 39
19 35
445 351
78 135
71 73
30 79
40 92
80 129
1358 988
892 974
1008 423
235 235
397 310
700 700
1705 550
akaze 66
328 53
577 603
495 491
259 389
570 595
562 589
566 593
530 592
531 606
543 574
541 587
552 585
551 576
553 602
540 581
537 578
526 555
539 572
520 550
494 542
512 494
459 562
500 511
498 514
507 509
503 517
504 526
509 515
496 510
581 335
469 471
467 476
464 468
461 466
448 433
458 453
460 473
474 475
465 465
472 480
475 478
486 341
476 268
341 296
345 314
352 305
360 311
364 324
370 340
112 458
189 303
379 131
286 269
285 254
278 244
244 217
255 213
234 222
322 289
23 223
311 128
24 214
67 68
5 57
9 103
132 12
1080664269 1956052955
2
sift 26
5 3
6 4
10 8
12 9
13 13
21 29
17 16
205 201
146 249
71 62
30 50
56 77
40 66
62 121
1202 1349
534 569
1228 1387
1168 672
1235 662
1312 1025
700 1184
1961 1402
179 247
1252 1859
376 565
185 276
akaze 74
185 97
571 736
352 396
570 749
563 748
562 751
255 270
453 545
566 745
551 729
64 104
341 483
548 725
547 722
531 705
542 714
545 719
546 721
526 694
549 731
553 727
550 728
485 695
520 645
512 634
506 650
500 653
494 642
496 640
502 651
504 655
503 654
507 644
492 635
509 657
468 595
474 596
473 589
469 599
467 623
448 560
464 588
472 604
475 607
486 431
370 419
360 391
345 395
364 411
381 445
388 438
269 413
378 341
112 420
285 318
244 278
317 343
319 372
323 357
322 359
330 348
325 379
23 271
294 164
286 152
311 180
101 287
309 173
307 45
24 99
141 168
137 187
144 170
148 209
1080664269 1962826856
2
sift 38
6 5
21 37
10 11
12 12
834 870
13 15
17 18
534 491
20 26
19 32
1232 1456
565 524
31 54
818 712
136 128
78 114
1328 1432
146 216
52 89
1705 808
240 299
118 92
47 62
80 112
62 105
1202 1457
270 225
264 368
1168 820
1350 2020
1109 840
1257 957
892 1991
1108 1177
210 390
277 230
982 787
1320 1185
akaze 79
571 647
579 580
566 645
562 644
453 496
524 632
530 635
341 357
531 613
537 622
552 629
549 626
546 621
526 605
551 623
548 634
543 619
540 617
485 599
520 564
512 555
494 593
459 610
500 570
503 568
492 575
504 576
509 574
496 567
454 592
448 505
469 535
475 539
474 541
479 544
472 536
481 547
480 542
432 522
363 511
422 477
476 337
486 340
388 410
364 394
352 385
381 409
464 162
112 515
269 456
282 476
354 235
379 165
378 166
255 281
244 295
249 283
248 287
252 290
292 324
286 316
317 338
315 341
319 346
323 353
321 350
325 344
311 164
77 285
64 101
67 104
138 167
141 170
137 171
153 184
144 175
103 109
145 183
16 40
1515471339 1941149670
2
sift 54
1 0
15 16
152 124
6 3
4 5
161 123
10 11
11 10
178 139
140 218
39 39
203 199
128 187
341 474
28 45
137 143
17 22
20 25
78 125
32 44
363 386
335 271
127 135
249 297
443 466
47 73
54 66
35 76
509 415
619 827
441 487
38 95
521 639
82 79
546 872
292 308
682 1005
57 118
313 432
255 324
659 675
458 604
415 558
286 333
375 537
271 352
755 576
639 581
367 540
318 424
450 607
392 471
94 114
378 670
akaze 72
509 595
262 295
498 554
520 593
481 588
158 297
474 553
506 562
512 564
24 62
496 557
516 587
507 585
261 422
505 602
500 578
173 376
502 575
501 574
170 383
430 555
457 539
156 220
462 547
459 536
157 206
465 494
464 511
36 59
435 487
446 523
461 515
432 492
441 504
448 526
366 429
399 451
398 448
383 444
423 471
412 479
406 469
270 433
426 332
291 322
290 315
298 325
296 331
273 218
231 341
204 250
198 255
207 257
169 215
197 256
193 226
224 265
247 273
35 217
41 232
200 105
201 106
140 148
66 108
76 126
64 107
60 103
63 112
50 102
51 100
19 129
5 8
1515471339 1956052955
2
sift 53
4 5
482 768
491 596
7 8
10 12
161 117
140 227
39 29
152 109
128 188
341 579
178 126
221 383
129 220
689 1141
137 172
21 20
470 990
242 333
78 120
20 24
17 23
26 25
126 134
47 62
35 64
509 721
431 775
391 471
138 164
239 323
517 782
81 51
568 1065
400 810
528 927
588 885
105 54
496 628
292 293
255 253
353 398
490 1161
886 1259
392 492
271 341
619 1352
348 521
337 306
450 776
211 232
361 393
94 125
akaze 76
535 764
262 551
509 749
515 759
520 745
180 390
498 746
504 715
474 740
158 380
255 535
528 731
506 708
46 230
500 709
497 717
502 719
489 713
516 718
430 694
462 679
457 630
465 634
466 639
459 629
458 658
446 656
448 655
464 653
389 619
388 621
394 564
423 596
375 539
415 580
406 585
404 586
413 582
399 566
400 600
396 569
270 560
296 573
273 397
290 405
291 409
300 421
302 424
309 431
315 427
207 415
177 389
204 314
200 316
198 315
197 313
224 352
169 279
206 326
41 274
234 168
73 145
64 142
70 147
55 138
60 139
80 165
72 161
77 159
51 136
76 162
66 143
98 172
112 193
5 41
22 39
1515471339 1962826856
2
sift 41
4 4
39 37
7 11
10 17
588 1039
8 13
591 21
203 126
140 276
346 560
21 22
128 246
129 214
221 431
78 116
20 36
17 33
127 128
32 65
35 49
54 60
209 227
238 244
424 552
81 70
865 1827
105 69
430 1221
226 304
887 1525
255 284
286 305
605 1687
534 1148
305 446
345 930
94 135
406 602
309 837
392 2236
644 984
akaze 50
520 645
496 631
365 545
504 616
506 610
255 501
173 445
500 622
503 625
262 371
170 449
516 618
502 623
462 594
459 584
466 592
465 555
446 566
448 576
416 573
396 521
406 527
415 524
399 516
413 518
405 525
426 538
270 505
325 455
409 332
290 378
298 386
291 388
309 404
273 377
177 380
179 269
204 307
197 293
231 340
169 92
224 163
20 217
234 170
77 155
63 152
51 103
50 115
98 169
5 31
1941149670 1956052955
2
sift 164
101 95
115 105
0 0
88 81
500 596
1 2
99 90
85 70
3 6
98 72
490 697
5 5
126 118
86 71
7 7
105 98
91 78
9 9
344 673
106 93
11 12
103 91
89 75
218 227
94 79
39 29
132 123
599 897
12 15
166 150
14 13
123 108
116 83
26 31
179 131
455 568
139 126
569 934
404 446
155 143
231 299
924 1700
600 785
241 328
204 175
186 189
237 248
226 236
422 491
162 136
42 37
270 257
228 224
143 172
167 151
307 383
195 140
247 329
358 470
474 579
198 215
20 20
199 160
48 38
268 237
253 333
342 536
452 688
276 325
457 611
421 632
317 385
232 239
22 23
541 590
25 24
406 452
27 25
130 103
147 133
49 85
30 33
125 120
445 552
520 613
134 129
107 111
65 41
72 63
224 205
70 44
387 472
245 240
615 721
234 243
501 503
77 65
79 50
680 754
529 716
705 740
200 164
291 249
819 748
739 903
369 556
443 541
74 40
718 955
287 440
853 1233
82 89
534 682
627 654
308 293
260 195
326 292
759 809
423 469
802 1711
95 99
145 110
598 880
138 107
483 963
781 834
133 121
664 930
140 130
649 977
748 803
393 480
337 306
778 1252
396 398
405 359
668 949
493 662
848 1817
359 436
378 367
607 776
417 345
531 670
303 393
661 1286
289 378
700 1184
113 124
262 180
590 2021
263 397
662 1278
312 267
288 369
254 311
362 422
679 800
494 796
318 462
255 526
611 633
665 841
348 423
akaze 188
524 616
582 746
603 764
552 693
580 740
593 745
427 534
554 692
589 751
557 690
595 749
565 711
295 375
418 532
579 725
293 529
564 698
577 726
208 269
377 468
560 702
383 481
364 473
569 732
198 235
357 455
574 716
305 396
352 472
587 718
65 53
367 467
570 720
159 222
385 480
606 705
60 49
363 482
581 730
213 270
350 381
578 709
63 50
368 373
602 727
206 265
309 484
571 712
62 94
287 399
549 691
164 227
294 384
538 672
49 58
171 264
534 681
163 226
183 239
547 679
179 234
542 642
197 231
20 259
550 645
211 233
539 630
32 66
143 205
536 629
24 79
526 655
46 59
38 82
523 656
36 68
517 654
37 61
0 18
512 647
61 72
509 644
69 104
1 21
496 621
51 71
511 653
70 56
513 646
59 96
498 648
41 65
502 619
26 64
497 625
16 52
515 657
504 636
454 563
451 566
453 605
455 573
456 600
464 580
463 581
473 586
469 585
470 603
467 590
472 594
482 592
471 601
430 537
433 560
446 539
435 558
431 549
436 548
441 553
440 556
461 550
457 582
393 491
401 505
405 394
342 527
394 393
468 339
301 387
322 409
311 391
324 411
331 412
329 429
304 386
321 404
313 385
365 428
326 421
275 354
214 276
226 311
265 352
253 317
223 271
256 313
255 315
250 314
236 304
251 316
219 277
254 318
232 274
240 308
257 322
215 279
270 328
261 330
217 278
263 331
274 151
141 341
148 207
91 132
101 129
103 139
106 140
68 105
74 108
100 136
113 147
117 137
109 144
98 117
112 150
93 118
114 149
126 162
58 99
110 125
72 106
121 171
107 142
81 135
99 130
78 110
8 41
12 45
1941149670 1962826856
2
sift 109
101 82
500 658
0 0
88 76
39 37
1 2
172 122
106 90
3 7
366 590
466 647
5 4
334 271
196 144
7 10
155 150
9 12
167 153
11 17
228 252
218 276
358 406
14 15
424 491
12 19
28 30
550 808
35 32
404 460
700 939
20 22
452 666
232 195
143 197
27 29
629 889
30 35
457 777
317 374
25 36
22 33
130 113
406 531
445 749
147 128
125 116
620 812
43 66
134 115
107 108
297 416
538 907
65 59
110 119
225 191
70 51
234 221
68 68
650 958
637 956
738 1103
79 72
718 949
526 834
291 216
83 75
409 354
287 337
892 1384
705 866
82 84
865 710
128 111
819 1098
285 250
74 56
133 105
709 622
308 332
260 200
664 1475
145 110
423 505
758 849
353 304
646 1532
558 751
586 516
778 868
359 388
159 366
396 375
331 378
333 305
574 649
296 264
310 393
221 316
303 380
398 446
862 1349
262 187
113 136
318 437
496 787
611 586
665 608
678 1426
969 750
akaze 138
295 371
580 636
603 648
557 606
553 601
592 635
198 262
418 497
593 645
293 501
487 545
589 644
221 264
384 427
579 634
203 257
350 415
577 641
208 278
376 445
576 630
192 251
357 433
563 612
60 89
287 355
560 620
179 273
309 359
574 619
62 85
171 225
558 608
30 87
187 238
587 618
186 242
562 610
183 249
569 625
182 254
581 617
202 250
606 613
32 74
549 603
143 60
547 594
36 80
542 593
38 72
534 587
24 64
536 584
550 564
539 560
523 566
509 563
517 568
497 553
513 565
526 576
511 570
515 574
441 512
451 516
456 532
430 503
433 505
458 515
435 514
440 507
461 513
473 533
466 528
469 527
470 529
467 534
471 535
475 541
453 520
463 523
480 536
464 524
478 548
485 538
365 531
405 476
342 485
313 400
317 382
305 385
325 386
322 388
329 401
324 394
326 392
304 370
337 398
321 373
332 403
468 162
341 340
223 217
214 218
224 283
256 293
250 307
282 323
265 333
258 328
226 282
269 316
290 317
270 326
263 324
268 337
280 336
215 92
266 165
117 285
277 179
112 152
114 139
99 110
115 147
100 103
78 129
81 102
106 142
68 104
57 41
102 115
113 149
141 166
109 146
139 170
8 31
1956052955 1962826856
2
sift 187
95 82
596 658
2 2
80 80
29 37
4 5
81 76
514 498
7 10
70 77
75 95
9 12
71 73
79 94
12 17
98 99
727 647
13 15
693 1221
607 714
227 276
1152 1297
84 100
15 19
122 125
697 739
31 31
849 916
21 26
847 779
28 28
138 144
446 460
758 694
299 255
174 157
200 246
642 558
212 204
825 765
383 431
146 164
172 197
224 252
385 374
157 162
24 36
915 1405
25 29
789 857
219 215
673 633
103 113
1126 1031
33 35
905 853
452 531
222 270
120 116
1184 939
822 859
239 195
134 129
1455 1218
22 34
1283 1090
129 115
1402 1645
613 768
309 287
111 108
1093 886
41 59
325 296
811 914
519 449
57 63
295 319
289 298
594 776
86 65
1972 2094
43 52
1176 1216
323 245
204 191
1915 1759
748 1098
249 216
1208 1749
554 588
240 227
1859 1427
202 202
51 70
53 61
891 967
650 710
66 78
440 337
1116 1495
73 87
1027 1234
1456 1275
68 74
375 210
659 968
40 56
194 199
469 505
664 793
88 85
121 105
691 622
1004 1161
1406 2211
293 332
101 106
480 410
1390 1125
142 127
1105 1837
253 284
130 141
589 764
743 820
513 425
305 328
963 1096
776 745
521 478
159 138
435 415
436 388
410 375
1122 1190
764 898
616 516
615 660
1662 2020
836 758
393 380
1417 1183
1221 1212
1190 1107
516 446
1739 1609
1091 1690
694 568
211 263
441 432
1857 2082
1326 2075
1235 1156
665 676
288 553
499 467
180 187
166 224
422 362
498 430
777 717
1044 1418
1181 1101
660 803
2289 1828
124 136
420 322
252 230
648 971
627 574
601 595
1026 648
1007 2015
163 211
868 630
350 386
1166 1054
529 369
1887 1888
439 390
462 437
1100 1203
1102 836
814 716
386 372
1369 1365
akaze 195
742 633
740 636
760 652
734 631
692 615
764 648
551 498
545 496
761 638
529 501
532 497
747 640
534 500
482 422
756 643
446 451
459 433
745 645
460 443
483 357
726 641
449 444
250 238
716 619
458 368
239 249
705 613
375 371
242 244
709 622
396 385
240 254
715 616
235 262
246 250
723 621
224 266
248 242
729 623
225 261
252 236
730 617
230 264
264 225
706 598
237 263
205 60
694 605
233 255
88 51
695 599
263 272
79 64
732 625
270 281
89 53
725 634
49 89
82 72
702 620
269 278
78 68
724 612
50 91
74 73
699 607
104 101
3 1
679 594
0 5
66 74
691 603
94 181
19 8
681 587
15 15
11 0
657 574
5 2
653 570
655 576
654 597
646 565
656 566
665 568
644 563
635 575
641 569
640 567
636 519
583 528
581 523
556 507
537 503
562 511
560 505
553 512
580 524
564 510
559 508
607 539
566 516
597 550
552 506
596 541
554 509
582 518
601 535
550 513
558 514
585 527
569 521
603 529
568 515
605 520
600 532
428 531
527 485
488 482
491 477
409 388
411 394
418 387
423 398
424 397
426 418
431 404
385 400
389 380
386 370
405 378
404 373
421 392
326 323
379 344
353 348
310 283
357 353
320 318
372 346
347 336
287 311
283 265
343 338
284 305
319 321
271 217
322 319
282 275
324 329
281 276
329 316
352 333
339 335
278 295
327 320
328 326
337 331
311 282
333 332
314 307
331 324
276 218
321 156
137 285
313 115
341 166
198 193
216 203
196 106
201 99
163 159
159 155
184 178
107 94
135 102
171 163
136 103
150 153
180 164
110 129
169 184
168 170
166 167
193 183
172 169
118 135
131 111
170 175
20 28
47 39
43 33
41 31
37 21
46 50
