446678479 462450697
2
sift 256
155 144
26 31
0 0
21 21
1 1
205 170
144 147
5 6
212 193
3 4
190 172
116 143
7 8
183 181
9 9
226 208
194 201
10 14
181 199
11 10
241 218
216 267
18 20
54 55
15 19
533 462
175 178
20 25
59 66
900 660
408 306
57 54
31 33
549 505
23 23
483 463
666 598
77 77
1059 972
22 30
719 538
67 85
208 202
95 103
53 56
476 483
86 111
55 60
1137 1091
25 27
385 333
460 402
122 121
115 98
134 213
459 434
188 187
140 163
641 806
201 221
447 355
259 284
39 35
111 113
189 293
589 521
165 189
646 627
1357 1276
551 677
648 563
272 324
82 83
138 162
910 886
685 583
911 796
170 212
969 873
628 607
696 769
667 643
317 313
831 882
310 319
1101 826
417 374
85 99
1339 879
1589 1424
1175 880
714 858
754 658
1220 1044
35 40
1149 1103
609 459
1126 744
313 307
514 508
223 265
196 244
626 500
1154 937
644 692
301 240
309 452
65 91
688 696
48 45
307 253
289 281
445 501
348 378
439 436
275 238
946 1146
264 197
286 297
353 336
844 750
653 621
839 252
420 367
515 622
810 687
1600 1182
69 65
1192 1032
304 245
1838 1215
61 68
999 771
78 94
490 435
193 282
672 772
391 391
329 443
66 73
650 662
1842 1130
1290 1115
556 503
716 546
337 255
662 630
249 299
478 400
327 396
89 101
1272 917
1067 1135
1024 776
488 415
1346 1087
292 200
1158 902
796 742
1212 1068
1057 670
639 602
1250 780
1117 1140
543 536
677 577
1474 1423
1373 1167
1875 1755
1294 1155
474 458
629 553
93 86
484 490
524 541
147 176
1525 1468
869 818
505 379
421 414
1041 872
362 419
727 587
788 683
79 96
601 808
94 109
1236 1540
580 603
431 584
735 861
770 722
879 819
797 530
525 551
729 659
820 695
1216 1213
608 647
1554 1194
167 195
597 710
371 298
559 215
1125 1132
636 679
1414 1420
1389 1305
530 426
906 973
959 481
1548 891
838 812
1209 852
893 830
617 576
1106 966
499 554
816 784
1504 1462
837 768
967 816
195 188
1048 918
916 681
148 180
1868 1393
99 128
571 574
1240 616
742 728
243 222
112 88
210 272
267 326
435 388
395 177
519 592
510 498
606 733
1282 1022
1715 1231
366 958
444 344
1402 1271
574 342
836 785
1163 1127
298 236
352 398
256 263
566 793
972 758
947 811
1372 933
501 632
akaze 147
361 377
507 533
652 687
81 269
501 526
644 690
80 251
511 530
649 694
2 96
431 524
606 630
420 457
613 656
424 448
617 647
428 449
608 637
418 453
619 662
415 452
621 666
416 367
624 671
414 360
635 678
355 376
609 623
213 238
603 625
248 253
598 617
263 274
589 585
37 226
594 587
256 270
604 608
52 73
576 597
48 71
580 602
43 76
563 590
41 75
557 594
39 86
574 591
40 74
583 615
78 228
564 592
86 92
578 604
38 56
584 612
4 9
571 589
524 545
514 540
532 558
525 554
523 547
536 562
508 536
542 570
520 542
551 574
539 567
474 494
459 478
477 504
479 508
480 418
449 353
446 361
451 374
367 378
383 424
389 417
374 397
379 404
371 399
377 396
364 393
381 410
398 420
358 357
382 406
376 395
401 426
322 413
293 308
282 311
292 301
300 316
304 317
312 330
318 325
316 331
325 343
324 340
244 208
328 347
272 273
268 281
331 349
276 285
275 280
273 279
274 310
68 218
338 173
319 161
332 171
149 351
152 346
132 319
198 148
206 147
134 152
147 167
77 45
101 121
64 48
143 158
71 46
141 154
146 155
130 136
144 165
104 102
145 156
106 124
93 98
120 101
84 87
127 132
108 123
76 42
133 138
169 166
123 100
139 139
1 2
32 28
29 36
446678479 468034491
2
sift 121
226 179
26 34
0 0
1598 1954
21 37
1 3
190 155
169 178
6 6
181 217
3 5
730 697
217 233
7 7
1092 1255
9 9
240 203
86 118
10 14
1137 1054
11 11
408 252
260 437
1166 1035
1129 1292
25 26
533 486
165 200
77 97
1790 1334
1227 1166
385 248
901 650
910 855
641 878
1241 1275
648 657
911 994
938 865
1342 1523
42 49
223 258
317 289
988 842
1051 980
584 485
33 47
1931 2513
37 44
485 482
622 605
751 2710
310 462
689 899
69 67
1747 1730
353 366
1301 1688
40 69
274 264
772 710
662 653
716 539
439 565
619 761
627 502
1212 1066
318 291
321 511
800 728
788 642
329 442
1403 1430
1400 1480
629 585
490 484
505 431
543 510
1863 2018
663 678
1746 1978
1373 1530
1236 1206
1461 721
1721 1544
1271 1218
1209 907
579 687
1638 2351
1525 1466
1815 2037
1605 2312
1596 1230
421 467
195 294
2087 2527
639 552
1809 2143
571 736
770 794
2048 1898
1632 1453
1412 1735
1133 1763
1300 948
891 629
1951 1716
1189 1269
796 630
418 499
416 470
1546 2016
773 856
1867 1609
727 708
1324 1746
836 863
256 278
1666 2678
991 2944
845 803
akaze 79
565 840
501 643
653 883
503 723
248 326
652 872
250 458
263 345
645 879
80 328
52 324
637 873
2 114
39 318
621 869
4 339
634 833
86 346
619 836
78 136
608 808
610 817
631 854
627 850
636 856
564 844
569 816
594 778
609 773
600 743
603 751
557 713
576 757
580 756
522 746
524 752
516 729
525 671
536 702
533 680
532 679
541 693
546 700
534 683
528 688
545 701
548 706
547 704
449 635
371 663
383 674
367 642
358 637
379 664
389 692
480 621
460 495
374 492
398 531
381 513
401 543
318 517
324 522
265 467
300 387
330 430
325 410
337 423
145 414
127 382
94 338
332 233
198 201
126 180
123 166
143 197
147 205
169 228
30 189
446678479 1229031559
2
sift 159
155 152
26 29
1 2
21 20
5 6
233 209
144 118
3 4
143 167
7 10
226 215
116 99
9 11
1342 1060
10 15
190 198
194 155
11 14
831 609
20 23
1986 1344
237 170
19 27
150 145
1166 731
459 285
216 231
23 26
490 438
183 159
240 271
181 139
25 24
1296 959
208 143
533 454
67 77
122 104
140 127
408 431
86 109
1227 1239
42 40
476 257
549 442
134 177
910 557
447 398
259 166
551 386
189 229
523 409
165 137
1567 1229
29 31
453 424
1091 669
871 482
161 126
385 369
293 239
1165 631
310 243
509 384
2236 1156
771 577
317 331
668 455
33 37
1156 809
223 232
48 43
1265 821
985 837
289 122
96 71
1152 889
153 106
348 327
1032 824
193 111
676 489
1251 1057
61 70
665 477
996 624
353 304
1051 1056
486 464
1842 1216
772 632
999 595
270 149
798 546
445 353
546 347
431 255
327 276
414 260
716 670
1293 936
79 82
488 340
313 303
768 685
94 100
474 317
1494 1181
833 517
421 345
1057 639
505 333
809 560
487 290
442 403
526 397
1082 933
1858 563
579 467
325 350
610 394
796 579
371 280
829 568
1215 691
1572 994
869 650
820 705
722 300
734 430
968 553
243 284
894 436
630 530
600 602
1003 636
732 472
244 162
148 130
675 435
308 296
1052 917
1100 677
366 288
416 299
545 358
1361 548
1789 716
616 338
1340 742
578 599
786 481
1708 885
852 334
1409 750
1759 1440
1762 1175
1684 1367
1000 688
akaze 156
607 563
501 474
652 620
361 336
502 344
649 615
565 521
498 330
637 607
250 216
448 413
644 610
81 64
355 321
645 612
80 61
215 177
641 598
216 179
631 597
245 178
623 589
217 183
624 590
248 181
616 582
260 221
621 595
218 32
620 588
263 229
611 572
220 44
617 578
219 31
606 562
238 47
635 602
86 73
613 573
38 29
633 601
78 35
589 546
37 27
603 556
43 0
594 551
604 531
4 5
600 533
602 532
563 523
578 537
580 538
576 535
564 524
571 534
583 543
574 526
584 542
532 557
525 495
527 498
524 506
522 493
523 492
536 503
521 496
515 483
518 491
514 490
530 500
544 509
542 507
529 499
551 513
516 487
400 511
449 425
479 364
446 338
477 366
476 367
480 356
451 342
459 350
382 377
379 376
389 385
358 341
367 346
398 390
383 382
371 362
381 374
387 383
380 373
375 354
394 393
318 380
331 392
312 290
316 299
325 303
322 305
320 304
240 217
324 307
249 210
244 212
247 220
254 224
269 240
265 242
273 262
293 272
282 265
329 312
292 255
296 281
297 274
298 279
328 317
304 291
305 285
309 286
206 302
302 117
306 126
169 316
198 128
147 138
122 113
141 133
93 83
120 110
132 119
126 92
150 137
149 140
104 88
103 90
138 121
74 66
77 58
153 154
99 87
156 152
158 150
9 89
133 20
7 76
29 11
35 22
6 6
446678479 1253953133
2
sift 46
87 113
0 0
317 378
1 1
603 418
3 3
667 432
5 5
767 826
7 7
151 89
9 10
486 603
15 17
1791 1133
11 12
167 228
16 20
796 691
757 794
309 151
33 34
770 450
771 556
1620 978
35 40
1737 1654
310 273
45 44
96 70
289 195
353 354
716 848
1158 911
791 759
308 205
505 266
1291 700
442 389
1212 958
1389 954
94 145
99 81
1804 1643
1340 543
334 310
akaze 62
263 505
657 726
610 670
78 22
655 725
652 702
645 714
649 709
644 713
637 701
621 691
619 687
633 698
632 697
631 695
641 696
623 718
625 688
613 676
616 681
634 616
614 649
583 699
603 659
557 647
602 626
594 615
574 621
580 632
563 618
571 628
564 614
522 652
548 636
551 638
514 570
499 559
525 588
523 582
521 583
536 592
513 571
537 596
375 576
395 598
364 562
367 565
401 599
459 421
386 456
480 304
325 477
284 426
312 344
269 293
147 346
141 351
306 121
153 369
93 78
155 154
3 3
462450697 468034491
2
sift 165
17 18
31 34
1 3
21 37
5 6
181 241
3 4
199 216
7 8
806 878
9 9
877 905
14 14
268 227
12 11
1208 1889
15 22
1296 1842
660 480
162 262
147 184
404 519
266 233
1072 649
77 97
882 1773
332 386
273 257
178 246
1000 1312
598 665
490 1063
47 57
416 394
210 240
436 565
110 117
435 484
1114 1024
1133 721
191 205
876 934
35 39
169 174
941 1023
313 289
886 855
283 437
37 47
567 589
189 200
65 67
351 296
620 645
658 735
184 156
319 462
40 54
44 75
1252 764
208 179
336 366
277 370
938 1094
231 245
796 994
52 86
367 398
393 390
673 626
68 95
562 656
73 52
546 539
218 204
265 258
249 288
120 110
766 710
605 659
282 662
1212 1633
86 51
714 977
1068 1066
683 642
348 252
346 318
200 280
341 301
951 923
1383 1395
774 978
1916 2606
462 486
720 868
553 585
109 126
993 1109
1226 1790
654 945
867 900
1247 1698
333 248
433 420
379 431
1508 1100
799 899
1347 1133
328 433
538 583
425 529
81 162
855 1064
521 478
868 1215
188 208
519 639
123 144
630 653
1553 1937
809 679
1462 1447
1183 2504
512 465
1199 1182
486 887
706 838
563 657
767 702
1506 1476
812 1253
910 1216
438 534
1738 2646
88 115
1288 1629
559 874
732 532
159 188
1490 2415
1167 1530
1468 1466
987 973
574 736
407 575
414 467
1652 2461
747 609
1316 1294
691 928
722 794
926 1316
920 629
477 783
395 515
515 321
227 306
1621 1335
1059 1397
1435 2010
1279 2185
1618 2179
1369 1558
973 926
akaze 160
541 639
635 810
704 885
638 840
579 733
692 873
377 460
526 445
698 884
251 458
238 325
693 833
96 114
256 332
673 860
89 131
253 326
637 808
86 105
651 818
58 87
680 853
65 95
675 867
228 136
676 856
70 108
671 842
8 23
674 849
685 865
660 827
681 866
664 820
678 861
630 829
656 844
658 819
666 839
665 838
667 745
623 773
618 778
619 752
625 751
627 742
617 746
604 754
602 756
594 713
596 719
589 729
593 741
605 758
610 744
612 787
597 757
615 766
555 676
560 675
528 642
557 692
550 674
547 668
546 682
548 669
537 652
540 663
535 658
570 694
566 696
571 717
568 716
522 637
523 635
559 680
576 704
558 679
561 681
577 711
578 747
521 690
405 670
532 488
538 490
573 530
575 543
508 596
497 497
502 495
488 468
463 449
476 455
491 463
504 508
565 412
378 462
399 493
400 496
417 532
385 481
424 516
398 467
408 511
382 480
410 513
334 509
428 419
422 430
343 410
350 415
274 345
437 418
272 346
214 297
290 359
326 407
277 338
356 423
257 342
276 371
275 357
288 362
306 380
312 386
318 385
337 429
267 322
209 286
246 321
221 307
345 411
302 132
325 195
313 160
349 274
42 293
150 398
132 183
94 126
158 197
173 212
47 79
154 214
135 184
127 174
167 205
99 150
98 127
156 209
81 64
142 193
152 198
171 233
11 138
31 58
36 69
39 59
5 3
32 52
462450697 1229031559
2
sift 126
17 18
31 29
0 0
21 20
1 2
181 143
5 5
1091 1321
3 3
505 442
7 9
124 142
9 11
756 542
14 15
175 186
10 14
1497 826
25 23
143 99
1578 1293
660 693
144 152
307 303
33 30
201 155
23 26
267 231
121 104
1154 1239
598 462
636 377
332 281
163 127
922 922
213 177
84 78
110 110
32 31
886 557
293 229
26 73
319 243
1092 1080
189 137
38 36
1424 1047
313 331
44 44
80 71
451 251
378 327
52 48
174 196
352 318
335 305
281 263
76 63
712 514
282 111
894 952
208 215
65 74
68 70
231 193
102 62
50 50
1212 806
983 1209
778 566
109 90
1064 1046
546 670
89 108
218 270
96 82
605 680
265 232
1767 1318
462 454
931 890
670 639
723 590
994 681
379 333
746 568
298 280
355 398
868 564
380 434
1285 992
501 353
1032 811
720 575
450 235
188 121
874 629
327 426
771 595
855 1026
222 284
226 168
134 131
88 178
426 456
333 369
440 384
981 556
470 491
365 312
190 181
1041 668
1387 1070
897 602
485 286
1467 1093
458 317
603 495
1356 963
826 718
919 579
666 1455
1570 1218
1589 896
1369 1166
1050 834
akaze 125
377 336
636 571
704 609
251 216
579 522
698 617
269 215
609 518
695 611
526 474
648 577
524 331
656 573
376 321
668 603
454 180
647 578
226 173
651 579
253 181
666 595
245 32
678 602
243 38
630 562
240 44
665 587
91 71
683 601
663 588
679 598
680 594
638 563
675 592
676 600
671 590
627 554
625 556
618 553
617 530
619 532
585 546
639 541
593 529
602 538
589 534
597 535
604 537
612 542
615 543
522 475
550 498
547 492
548 493
557 500
556 499
561 501
534 478
528 484
537 487
567 508
570 507
540 490
551 491
576 512
574 513
545 375
562 389
428 511
478 350
504 366
508 364
494 367
400 368
385 352
417 385
399 362
357 341
398 354
421 391
378 346
410 374
349 392
348 396
405 288
340 307
272 225
274 229
279 262
291 279
308 272
304 273
305 270
342 310
314 276
319 287
282 281
345 304
330 290
325 297
331 299
344 313
208 212
343 303
257 224
265 240
337 305
281 231
322 118
312 87
350 135
317 120
176 323
98 83
167 138
154 133
159 151
118 94
101 110
102 88
92 73
170 144
31 139
22 8
36 11
462450697 1253953133
2
sift 39
877 869
3 4
402 422
7 8
806 655
9 10
110 113
11 11
805 979
660 1275
189 115
1348 1036
247 129
32 33
313 378
38 35
656 592
319 273
1208 868
81 38
1114 1569
994 679
702 562
68 86
425 392
546 848
902 911
517 603
379 266
109 145
1183 1514
1152 1013
1068 958
596 371
910 879
1042 724
414 341
545 476
1319 1087
akaze 57
609 662
692 701
678 699
683 710
665 680
648 683
658 682
675 692
670 689
656 676
668 688
693 616
662 623
625 659
597 630
615 639
589 628
603 646
602 632
619 586
610 593
428 636
573 610
528 565
580 576
543 578
537 577
545 587
571 602
547 582
554 588
546 580
562 474
502 532
508 443
504 448
478 421
561 352
437 594
417 464
398 420
542 132
405 121
318 305
337 351
345 354
291 332
265 293
257 262
277 286
330 152
350 163
154 135
155 138
39 149
40 160
15 3
468034491 1229031559
2
sift 37
34 29
0 0
4 3
905 699
7 10
9 11
1780 824
14 15
107 179
687 467
117 110
764 842
289 331
200 137
47 37
173 267
76 43
1181 577
245 193
95 70
1263 1258
1073 666
710 632
539 670
203 271
659 680
458 103
483 464
1215 564
431 333
1175 772
1064 1026
1126 1042
1525 727
1149 910
1327 895
1050 485
akaze 51
330 219
885 624
873 607
884 617
838 587
856 600
854 597
842 590
853 594
844 573
860 603
845 589
839 595
867 592
861 602
848 539
754 537
720 528
741 529
749 536
756 538
750 531
783 540
766 543
791 386
679 505
681 501
692 500
694 507
642 484
704 512
710 519
669 493
637 475
668 492
702 308
504 351
462 346
513 374
421 396
429 305
342 224
410 303
411 304
212 309
45 296
144 75
213 141
205 138
58 139
59 148
468034491 1253953133
2
sift 30
0 0
1364 670
2 2
4 4
794 450
6 6
7 7
790 367
12 20
28 28
38 49
88 44
402 538
95 86
636 699
1253 767
1300 554
1165 1425
586 1019
1104 405
1276 1272
328 197
1216 879
1833 1120
2323 1483
283 207
1375 847
886 721
1675 988
545 528
akaze 51
806 39
883 726
504 414
877 708
136 90
851 689
861 699
865 694
836 687
818 686
864 697
845 718
844 614
833 616
853 637
783 638
766 639
757 630
749 640
756 632
706 636
642 565
700 601
644 576
648 569
652 577
689 598
682 580
679 590
717 602
692 589
526 597
656 418
596 443
681 352
702 360
421 610
467 420
532 464
621 304
422 472
603 78
619 98
233 473
342 262
429 351
415 163
53 287
45 359
60 293
144 71
1229031559 1253953133
2
sift 87
145 90
3 4
16 15
29 27
7 6
9 8
257 202
231 268
11 10
13 11
1230 845
281 435
241 293
30 28
491 1044
110 113
25 29
413 348
1021 1033
137 115
33 41
376 313
331 378
223 189
32 30
607 718
31 33
36 35
341 392
243 273
1080 1382
681 679
577 556
41 40
837 1118
48 44
71 70
734 739
803 666
304 354
464 603
70 86
707 693
559 512
507 372
741 562
1007 950
670 848
563 621
1387 1741
583 442
120 111
1237 1380
333 266
591 516
1198 1264
832 1243
772 900
467 402
351 385
788 767
579 691
403 431
933 873
936 934
130 112
662 885
280 479
420 707
561 397
156 107
742 543
254 167
1070 1223
836 933
991 1067
650 724
657 631
349 518
987 1110
388 650
521 446
171 196
1463 1483
764 806
1078 881
1159 932
akaze 102
35 22
620 702
521 609
223 259
607 701
614 711
508 247
77 72
585 682
595 691
74 74
573 676
591 689
596 684
579 686
587 680
603 688
601 698
589 718
602 699
598 696
597 695
593 727
592 692
556 659
553 649
554 619
557 631
551 615
538 632
526 621
529 616
536 640
535 630
530 624
540 638
534 628
543 639
524 614
511 636
532 586
506 587
484 565
510 601
499 593
476 574
505 590
519 603
500 589
507 595
496 583
490 570
495 588
503 592
492 582
487 577
452 458
439 434
501 352
341 412
385 464
391 467
273 427
253 426
306 353
240 293
242 286
241 288
299 357
303 346
286 342
305 351
304 354
254 321
255 309
272 327
235 315
220 238
224 262
319 370
137 362
284 120
291 122
288 121
85 287
152 365
322 157
107 106
138 130
135 163
83 78
79 75
70 76
136 140
146 155
110 116
147 153
155 158
133 135
150 160
76 5
18 16
