1306415531 1307761724
1
dspsift 295
13 8
27 56
132 185
321 405
222 305
163 197
8 3
320 318
4 0
378 456
207 240
41 52
15 10
73 114
219 281
418 694
251 268
30 43
68 90
324 434
532 392
638 442
533 482
140 188
92 81
430 1171
259 375
658 570
434 443
110 136
1344 1429
1588 1791
325 322
636 377
385 830
18 24
473 474
198 307
14 19
835 1383
1181 1317
301 344
1564 2009
183 255
111 139
891 1030
842 940
5 1
293 404
308 383
317 295
1311 1105
1899 2082
263 301
567 650
253 323
1422 1044
516 486
31 67
54 94
34 64
57 87
67 95
100 106
558 453
52 85
340 436
276 362
84 118
214 272
820 879
63 102
88 112
201 242
285 519
120 145
116 161
327 429
75 122
188 211
236 348
243 396
211 285
673 596
38 63
356 302
329 397
129 154
186 198
208 316
382 420
478 764
124 174
192 217
176 187
128 178
104 125
468 560
115 152
174 192
156 156
196 205
79 111
155 202
667 491
265 291
428 506
476 608
1167 625
839 914
138 177
294 449
364 534
151 163
407 610
200 191
16 29
298 365
21 30
234 266
29 55
389 681
1247 430
530 584
850 803
393 309
264 355
233 341
1565 923
1473 1386
1202 1889
17 25
22 68
133 175
953 644
66 96
1166 1091
164 236
759 1130
159 216
269 310
376 487
467 400
36 34
235 293
275 324
619 730
380 628
48 91
1059 1253
302 325
664 1363
12 16
249 253
204 226
56 92
70 86
184 203
309 416
23 12
920 1302
39 14
416 621
971 848
108 137
394 892
292 338
774 700
1244 1017
674 709
331 278
311 330
653 572
149 160
177 221
50 32
695 1042
77 49
853 795
76 98
1199 726
45 18
825 724
816 567
61 45
457 395
58 39
534 527
556 632
501 335
675 600
20 7
1481 1420
94 131
425 502
672 775
334 574
779 692
966 1022
790 907
122 150
119 184
683 901
173 207
635 424
676 677
575 1177
284 270
106 120
679 1011
505 379
723 843
273 460
440 763
458 480
154 238
829 767
932 1218
1131 1775
91 88
355 403
225 256
864 603
262 276
223 345
266 308
844 1112
616 535
181 193
691 796
1083 678
1113 1001
103 126
403 556
834 1513
397 909
508 631
510 1084
926 1135
283 249
798 1284
513 454
98 73
90 105
1048 877
541 303
1980 2111
752 887
193 269
627 871
1050 1435
662 960
782 1247
449 755
1065 967
1586 1458
220 354
669 540
161 189
1031 1465
580 483
952 930
314 691
412 962
809 457
1204 1179
1080 1396
1149 1502
172 173
566 577
1171 1182
150 254
503 545
967 1244
708 1063
1053 601
610 616
1591 996
666 630
1510 1782
613 1189
755 719
621 595
1506 1322
1056 664
786 1780
1122 1224
289 751
517 418
1795 2106
187 179
544 897
107 116
760 1281
795 668
1306415531 1383503671
1
dspsift 176
92 51
260 216
93 72
892 1606
207 204
166 162
239 281
252 324
251 290
4 3
27 41
110 107
303 258
30 35
308 203
18 20
301 423
111 80
14 12
1801 1285
263 339
379 436
526 300
372 528
504 780
331 268
54 53
306 449
735 580
316 372
31 36
615 502
6 6
51 61
225 295
34 33
277 368
1244 771
57 66
67 49
505 414
100 87
358 227
1625 997
116 100
353 407
1023 1516
478 367
75 44
1071 692
188 231
212 228
1505 1014
420 443
591 723
1122 1450
201 317
38 38
209 279
186 179
236 211
305 250
208 278
128 155
174 187
104 114
351 301
157 160
356 364
145 132
667 424
1032 770
673 890
233 170
80 98
133 116
298 286
265 459
520 710
21 19
151 128
555 611
200 212
264 214
530 552
345 634
759 971
22 30
866 659
235 221
190 206
848 687
270 234
1059 1301
109 101
858 1169
511 416
737 513
94 59
164 152
12 18
416 503
499 320
887 373
674 613
149 148
122 109
272 305
131 119
177 139
258 387
616 236
1088 1351
300 229
891 1205
519 582
119 96
575 1254
807 636
142 133
223 341
1473 995
449 362
717 825
863 622
144 121
1031 861
691 445
787 1181
106 106
312 349
672 689
195 165
774 579
799 1227
213 210
1381 1615
829 705
1016 1526
662 1018
231 395
1124 1112
1409 1689
513 435
464 486
2014 1732
541 438
579 529
181 171
1460 1393
283 261
322 474
502 842
781 999
282 377
503 318
1700 1755
161 150
1092 1453
172 127
621 219
1065 1305
191 197
403 617
1429 923
881 863
864 1631
1125 922
1196 1415
706 1340
957 441
856 805
107 90
1915 1878
1207 1288
682 721
1306415531 1431209915
1
dspsift 161
8 4
239 156
163 124
166 101
1254 853
27 15
41 23
219 169
25 20
252 191
4 0
320 176
30 16
140 127
1432 1122
325 195
110 72
308 332
18 10
222 233
207 129
251 190
14 8
257 198
559 388
372 343
253 171
346 453
54 31
6 2
316 292
516 582
31 24
242 164
34 25
67 40
52 39
57 41
484 486
65 37
279 173
340 321
100 49
558 269
358 295
38 27
329 271
208 142
338 466
248 266
201 182
212 170
209 162
236 172
186 132
145 108
104 77
351 322
551 354
924 836
156 112
79 52
22 11
233 100
368 255
584 506
234 184
138 135
101 89
411 543
133 109
345 541
323 183
797 1129
608 392
21 12
393 160
526 212
945 752
151 92
658 881
240 177
822 666
428 411
135 128
184 149
496 428
29 28
376 216
66 51
1565 1308
235 151
109 73
262 131
270 175
203 166
1199 461
217 226
416 418
633 570
146 97
396 254
273 306
735 490
724 482
1247 629
701 419
119 79
177 139
674 707
94 78
679 645
480 477
462 507
274 290
310 446
615 479
548 708
309 253
375 429
903 1268
499 373
106 71
798 729
397 308
835 892
991 944
1354 1077
1031 771
737 1116
695 1078
501 420
413 499
752 679
662 865
1972 1860
150 120
790 929
213 279
881 533
579 889
999 1066
887 1007
986 1458
665 684
1340 713
441 414
1555 1552
1149 776
786 819
1606 927
1336 593
503 347
342 214
832 1037
1515 995
1052 1412
1362 857
1510 1899
464 521
1707 1065
1307761724 1383503671
1
dspsift 173
10 16
268 290
185 189
104 51
443 466
186 200
56 41
281 262
349 315
0 3
385 311
136 107
278 268
43 35
1412 1474
70 45
1017 771
411 422
461 496
58 77
256 295
188 192
571 512
24 20
734 580
390 324
1170 788
258 309
379 414
19 12
383 203
301 339
1682 1320
666 593
106 87
201 199
66 37
265 249
436 418
95 49
87 66
64 33
93 54
85 62
323 440
697 780
161 100
122 44
241 316
1060 505
498 413
63 38
289 279
198 179
467 352
210 232
302 364
420 543
316 278
125 114
11 10
247 191
622 814
129 103
110 98
608 701
291 334
300 459
163 128
30 19
430 536
223 131
584 608
175 116
465 514
340 417
776 1543
338 333
425 492
78 28
415 302
352 461
365 286
248 239
293 221
253 266
236 152
230 224
68 30
138 101
881 1083
324 335
1130 971
221 139
157 119
844 437
250 260
621 503
296 341
159 133
168 135
744 739
16 18
131 59
1567 1353
605 635
460 304
502 570
514 769
329 349
807 613
535 236
288 345
796 445
1192 1314
263 272
409 348
368 328
432 573
238 145
661 666
120 106
795 1153
6 83
184 96
775 689
208 159
1177 1254
421 359
1365 963
195 172
1022 1187
1245 1219
369 282
767 705
75 50
1726 1404
1267 637
632 735
967 1305
454 435
1087 441
1971 1458
970 1120
189 150
542 794
698 790
1152 1614
345 374
269 184
675 656
554 618
356 297
354 182
939 529
1194 1754
664 406
249 261
774 1369
252 195
916 936
1234 859
924 1122
1580 1838
809 694
173 127
1031 1679
659 764
899 1181
1942 1688
1449 1652
116 90
1562 752
1307761724 1431209915
1
dspsift 153
8 5
240 129
197 124
51 22
3 4
268 190
281 169
0 0
10 6
443 241
43 16
70 33
829 809
736 636
136 72
322 195
570 881
76 19
411 333
188 127
979 925
57 14
24 10
390 191
474 375
1075 1237
532 599
19 8
318 176
258 174
344 163
861 620
360 278
323 171
2024 1554
280 173
94 31
275 219
67 24
64 25
383 332
95 40
486 582
87 41
327 297
85 39
436 321
1094 464
453 269
214 87
161 47
241 181
1008 606
198 132
289 162
316 142
989 836
397 271
596 652
274 188
396 339
309 160
111 52
465 282
349 345
761 628
776 1129
865 557
129 84
132 57
68 11
750 591
340 275
585 407
78 17
140 81
266 154
923 1308
267 155
162 91
756 506
30 12
253 152
175 109
55 28
708 702
988 349
157 80
1028 659
627 209
159 114
138 73
293 151
868 901
339 226
391 523
492 850
248 166
324 235
203 149
398 440
799 657
487 216
96 51
296 243
621 418
221 139
460 306
432 430
109 48
336 421
424 731
416 253
287 358
415 554
1341 982
858 400
1011 645
1442 632
131 78
535 319
688 465
598 613
88 274
496 631
763 386
568 514
417 373
357 475
825 549
900 802
457 403
796 553
837 1052
1561 646
970 654
1490 547
870 714
774 717
909 308
664 231
1502 776
254 120
663 1007
999 509
1167 902
545 347
696 572
546 450
996 1251
1078 973
897 739
1540 1322
1383503671 1431209915
1
dspsift 155
16 6
269 233
200 121
162 101
15 4
466 241
262 169
324 191
315 345
3 0
45 33
300 212
35 16
107 72
463 501
192 127
20 10
942 980
80 46
887 426
580 490
421 335
12 8
275 176
309 174
181 130
502 479
376 198
53 31
1872 1848
85 42
433 270
1058 1609
944 585
4 1
1014 554
835 492
217 147
1830 1606
105 68
528 343
1771 1836
74 38
372 292
6 2
87 49
665 299
33 25
307 215
49 40
869 382
62 39
66 41
449 531
94 60
479 326
91 43
227 295
208 105
352 189
368 257
100 47
113 66
832 381
38 27
97 53
228 170
478 271
179 132
276 181
278 142
118 63
155 102
170 100
301 322
132 108
114 77
126 117
175 145
279 162
194 138
116 109
28 17
102 83
108 70
30 11
129 74
420 255
514 282
19 12
128 92
651 352
221 151
101 73
417 275
109 90
552 516
783 1589
1543 1129
874 474
239 192
409 428
634 541
286 716
304 276
503 418
139 139
341 243
547 530
59 78
236 319
320 373
638 658
488 831
875 644
111 122
327 403
369 791
1069 678
362 389
995 979
137 134
1579 745
507 411
663 409
328 357
573 430
861 771
377 202
1123 1077
565 699
798 631
904 1132
774 364
345 331
380 315
864 347
406 231
202 220
1530 1561
568 253
730 204
360 498
675 460
483 596
1524 1013
595 1244
1089 865
863 533
746 1404
1702 1186
704 1037
1028 593
1144 1031
1066 878
