2129678330 2131854708
2
sift 427
1 2
0 0
5 6
248 130
35 26
9 10
322 189
11 11
15 14
306 177
199 127
12 13
298 169
30 19
25 18
910 680
188 106
18 17
3158 2147
251 202
31 21
687 461
363 188
172 75
2825 2299
253 197
34 23
775 516
209 143
510 284
787 608
244 181
179 111
613 372
296 192
282 233
714 477
61 45
72 49
578 367
255 182
78 52
546 420
270 162
75 57
572 382
65 51
27 24
786 612
405 302
90 58
684 422
79 56
276 148
1117 884
89 62
176 113
986 743
464 490
85 53
917 909
1763 1510
50 30
668 498
152 67
46 40
3141 2368
204 82
223 174
703 528
696 632
231 161
905 521
1283 1188
258 208
987 981
279 138
219 150
1290 1117
1158 793
265 217
283 239
839 740
477 316
1000 865
233 201
247 125
974 839
1027 924
1314 1247
171 86
175 92
166 88
184 104
234 180
437 249
57 43
325 209
55 31
734 643
277 270
191 100
215 158
414 299
1151 923
189 102
345 301
649 444
530 619
644 573
58 34
1147 1010
113 65
196 109
315 281
1619 1393
1828 1707
203 105
1194 1033
456 408
167 78
200 97
857 734
964 758
929 841
814 875
116 68
408 333
130 41
789 669
141 72
903 722
339 295
1134 1006
943 712
448 338
2118 1611
867 703
304 215
865 654
146 71
354 213
334 311
497 394
310 251
1288 1137
144 73
634 493
128 70
185 115
331 260
434 507
413 424
218 122
397 402
225 157
151 74
1424 1373
379 306
208 110
430 390
1089 913
433 451
197 145
809 652
1294 1101
581 575
1065 948
435 478
632 603
471 525
718 738
389 398
798 796
366 335
672 756
557 255
912 1035
642 683
1625 1297
469 465
1634 1078
1073 859
577 569
540 497
635 556
591 665
743 581
534 500
250 160
625 624
1247 1017
467 377
1781 1579
550 462
1452 1391
619 667
311 292
1030 1026
2082 2045
524 607
236 141
1297 941
1674 1318
626 648
1769 1233
879 783
1103 1106
183 99
1971 1855
211 101
897 620
1388 1424
327 304
463 492
724 530
526 551
1120 1050
1101 940
1126 1008
706 628
1648 1459
388 353
180 118
187 91
884 684
980 800
264 124
2140 2040
1411 1196
631 566
1154 1028
548 491
664 726
186 95
1222 936
207 119
621 484
332 303
1382 1041
796 779
923 605
768 774
937 615
872 844
2086 1567
1474 1388
931 946
1251 1001
2385 1649
1513 1609
979 892
1259 1071
1081 903
698 673
1139 888
601 582
2552 1898
1004 962
1868 1560
945 1018
1049 820
429 368
985 991
1295 1074
1306 1360
535 609
1080 1146
765 708
410 290
1345 786
1046 589
260 133
350 238
560 596
2963 1671
487 537
353 262
1122 1023
1042 795
252 147
1734 1674
1039 801
1605 1597
1637 1494
1876 1100
697 586
998 629
762 759
771 770
593 578
1255 994
827 764
412 319
823 1060
727 554
673 524
1414 1389
511 602
421 519
1085 947
1534 1193
2006 1941
312 234
230 132
1168 1252
638 591
1516 1064
527 329
556 797
777 1303
1336 1320
326 218
1173 904
751 778
825 747
324 263
1833 1932
291 288
2123 1789
1691 1473
1399 1068
1430 928
595 679
891 777
882 1213
963 956
660 731
976 975
982 636
3041 1732
1973 1914
355 243
1235 810
1055 798
1280 1334
336 346
1333 1212
1447 1370
376 269
1242 1055
1262 1135
820 695
521 583
919 621
2154 1456
286 154
1433 1222
958 931
575 470
402 396
1983 1234
275 211
2784 1654
916 1147
1646 1717
1071 1092
2370 1968
1045 961
1878 1647
281 191
1003 1043
1748 1817
1407 1273
328 247
1068 766
1667 1182
341 310
406 395
2353 1948
352 240
728 559
772 851
1372 1139
1317 1427
2493 1279
1177 1242
950 757
959 855
458 441
1061 938
2474 1435
1232 953
643 508
1187 1195
446 405
2352 1801
1020 749
1499 1304
1018 885
1890 1667
2203 1725
443 411
1614 1354
694 535
583 466
1573 1346
2551 1974
338 206
2293 1585
348 229
1174 1199
1546 1497
1143 1122
1566 1098
617 512
1053 963
2391 2058
294 227
799 750
2051 1657
1893 1384
1263 1438
1300 1228
1702 1799
999 894
1013 935
1847 1821
2308 1791
1021 1355
1296 1045
1443 1351
1819 1301
1816 1350
1765 1447
1343 1163
1593 1556
akaze 309
931 783
894 770
940 789
897 739
859 670
936 774
836 672
886 741
934 775
412 317
748 594
913 752
415 300
865 721
907 753
434 323
740 601
911 757
436 321
835 727
938 763
135 84
737 591
921 759
138 82
832 684
879 742
161 109
669 509
867 744
770 632
866 728
681 503
876 729
761 616
880 731
658 513
871 748
757 625
819 715
646 519
868 691
759 621
882 702
653 508
855 703
769 563
839 693
655 507
847 689
703 554
841 673
662 534
788 633
654 522
736 618
647 517
810 644
661 544
745 627
663 533
735 604
660 536
775 629
659 511
774 634
670 512
772 628
649 518
778 652
652 529
781 624
671 515
764 595
672 524
768 626
666 504
950 639
656 433
742 608
704 443
744 613
705 466
749 612
651 436
796 648
577 453
746 611
549 427
755 622
574 458
805 654
375 268
753 600
579 456
801 651
773 267
792 641
363 261
789 636
343 276
811 637
371 270
776 478
340 274
782 485
367 265
684 565
342 282
686 572
344 278
635 532
345 280
696 549
378 266
637 712
385 296
650 551
356 273
697 570
351 292
644 520
437 363
642 523
427 311
687 564
435 352
640 537
405 297
648 528
431 367
689 571
349 281
643 545
429 342
641 525
348 295
633 541
430 351
645 530
401 310
698 562
433 339
636 527
347 335
583 464
346 272
582 463
368 47
585 468
446 371
586 482
274 213
587 467
445 378
603 472
279 51
596 479
288 119
599 483
80 96
540 435
291 127
546 440
79 71
572 444
84 65
566 461
83 64
551 462
116 110
597 401
162 94
336 289
163 144
369 316
96 54
322 302
158 121
323 304
104 45
377 337
166 145
442 375
91 63
324 287
168 150
373 322
89 62
325 285
167 152
327 299
87 66
444 376
85 80
328 290
97 4
448 381
17 16
329 294
330 283
47 39
447 383
331 293
332 279
333 284
449 377
335 291
389 341
337 286
451 382
338 308
450 391
339 275
452 387
453 403
341 301
454 386
408 372
463 379
468 395
457 402
416 348
419 350
458 389
396 361
421 346
387 331
466 394
353 307
469 397
380 329
381 328
382 319
464 392
379 315
465 404
784 306
404 366
472 400
374 327
414 359
376 336
491 407
411 370
443 384
456 158
471 196
402 122
196 398
283 230
284 226
299 247
222 255
66 87
68 73
71 74
72 75
73 76
76 78
81 99
78 89
77 90
86 98
120 128
118 111
115 95
112 113
111 105
182 161
123 97
128 140
187 162
179 155
177 154
189 163
69 81
188 178
192 165
191 174
180 167
174 148
195 192
175 153
92 91
107 106
208 171
197 176
62 77
200 177
65 85
183 42
213 43
7 9
36 26
9 14
16 10
3 6
18 34
42 48
45 41
43 44
39 24
2 7
13 19
46 40
8 22
40 38
52 55
2129678330 2132052518
2
sift 407
1 1
11 11
5 5
16 15
35 35
3 4
248 206
30 28
7 8
322 380
199 135
9 10
298 239
188 122
15 14
910 892
268 192
12 13
272 238
253 210
29 25
687 550
209 153
25 20
1093 1041
244 214
45 65
614 756
510 518
26 26
785 868
296 230
20 17
516 634
271 211
31 33
714 710
229 175
172 123
744 749
255 207
44 39
662 583
962 1013
282 212
709 750
405 556
34 31
1198 1318
436 657
176 128
152 119
27 29
204 157
784 988
696 837
206 146
1283 1518
276 200
477 579
202 149
1158 944
222 172
279 220
40 47
1314 1464
36 41
306 442
219 148
974 1120
231 170
145 116
109 76
1239 1249
46 88
868 934
1000 1213
448 395
91 69
196 140
57 51
58 55
76 75
649 802
530 575
486 487
107 80
414 368
137 93
144 95
84 59
814 907
132 84
408 438
345 409
1265 1226
113 102
351 249
160 113
1364 1513
97 73
1619 1706
1152 1284
712 523
929 1080
433 383
1828 1926
225 163
169 127
1131 1014
544 611
325 320
1194 1330
354 350
310 205
197 139
167 124
1424 1590
861 1078
634 464
146 112
1065 1087
157 107
185 145
330 237
1135 1022
471 381
201 141
413 397
437 763
173 100
217 174
130 78
1676 2042
128 87
767 977
112 79
496 782
430 314
718 752
580 472
672 662
534 509
755 857
101 83
1089 1533
379 333
427 445
557 428
1533 1487
1208 1176
1125 1001
628 688
1322 1524
574 542
845 793
378 233
1539 1700
706 898
311 293
190 177
1059 913
1075 1082
578 730
2167 2421
1395 1608
183 134
1247 1640
626 769
1634 1588
1100 1034
236 169
701 735
1120 1183
274 407
1126 1155
192 151
180 132
388 389
3042 2730
187 136
1846 1583
542 605
1648 2078
207 137
431 375
186 152
1207 1350
980 1086
1327 1469
1056 1108
1159 1138
452 536
264 216
527 257
1550 1436
1109 1254
900 929
1237 1292
2077 2696
559 678
937 1075
1474 1632
1252 1332
260 203
1464 1411
487 566
897 983
673 573
981 819
1251 1164
1409 1519
1332 1074
747 703
252 188
1974 1870
198 160
1223 1181
751 886
2385 1918
370 371
621 642
301 255
536 530
343 345
1105 863
454 485
1969 2451
293 263
2124 2314
1156 1634
1170 1274
1071 975
615 505
762 691
979 1004
963 963
1400 1333
230 176
2018 1891
344 322
2287 2498
944 1394
377 370
648 742
398 601
854 962
1313 1343
638 666
998 840
860 1624
924 830
904 760
1336 1355
891 741
922 797
1278 1465
1976 2280
291 309
2477 2054
810 705
676 580
722 902
1046 897
717 737
1864 1502
852 788
372 339
997 900
1599 2443
1005 779
362 328
1115 1297
1183 1036
281 219
1414 1270
667 896
637 924
1242 1291
1225 931
772 945
908 643
1079 1084
1799 1483
384 391
830 787
1547 1692
669 698
688 935
2174 2666
286 197
1904 1593
678 624
1172 1009
352 266
1161 1602
950 1015
1516 1673
1384 1223
1785 1293
402 394
2191 1888
355 354
660 718
336 364
934 1064
446 377
309 227
1057 918
569 453
1136 1054
556 449
1566 1316
817 687
1499 1646
371 356
1205 972
1066 871
328 244
595 785
753 712
896 680
1664 1669
728 602
1562 1311
1901 1892
1879 1803
1534 1451
458 590
473 423
416 373
1798 2267
1893 2334
341 301
995 1230
972 942
586 747
1097 1458
1232 1051
2313 2517
643 708
521 447
1190 1272
674 673
838 858
592 516
2551 2948
1202 1315
1402 1661
2372 2067
1053 1109
982 648
1507 1655
915 916
1084 1047
1806 1589
1972 1683
1017 939
2030 2147
1304 1147
1867 2130
1427 1731
2053 1741
729 661
1460 1456
376 325
503 463
2456 1877
1704 1719
2165 2543
1013 1135
829 911
1174 1227
1919 1629
1143 1125
2784 1674
1434 1427
1083 890
2324 2616
1645 1626
1494 1052
1153 1168
1292 1366
921 985
853 919
2545 1990
1180 1190
1372 1097
1296 1166
2207 2127
913 711
1938 1684
2608 1906
1880 1713
1557 1378
1680 1062
1408 1735
1598 1536
1980 1817
843 1208
2188 2926
2364 2472
1779 1471
1068 877
650 728
2137 1453
1459 1148
akaze 347
931 959
885 920
940 974
897 927
894 930
943 975
902 938
859 896
948 977
888 928
835 902
944 976
838 866
865 869
947 966
836 865
830 859
932 964
834 864
832 857
936 971
766 632
738 771
928 963
412 474
770 796
934 965
415 476
748 772
920 953
439 494
740 775
913 940
135 165
758 790
895 925
161 195
761 793
892 923
138 171
737 769
903 937
756 787
900 935
651 680
879 941
654 681
925 956
653 686
887 917
700 731
924 954
661 733
883 926
663 689
909 932
660 691
898 933
659 694
918 948
670 693
916 943
671 692
901 922
672 697
914 944
666 696
927 968
669 699
911 942
681 701
868 908
703 734
866 906
662 690
871 914
704 616
857 895
655 582
880 875
574 617
851 878
577 621
853 886
549 614
842 871
579 619
847 876
570 598
874 889
429 497
841 851
435 500
856 882
441 496
824 858
407 473
855 880
437 485
825 853
405 454
816 843
385 432
812 842
428 483
792 821
375 419
840 840
363 418
764 766
422 495
791 822
362 426
741 778
378 415
789 826
430 501
790 818
445 502
776 809
433 498
746 781
356 401
811 819
351 409
753 795
431 489
781 801
427 492
742 774
371 118
803 833
279 309
810 814
291 336
785 811
156 329
749 776
162 335
786 812
288 35
783 813
166 188
788 802
89 111
809 835
167 199
739 768
91 105
775 807
100 110
752 779
104 122
750 780
106 123
805 831
116 131
735 770
124 148
777 806
133 168
774 805
151 187
755 784
163 184
771 803
155 194
798 837
158 189
778 804
97 7
772 800
12 12
795 825
47 44
797 828
33 37
768 798
37 64
817 846
780 808
806 644
782 639
635 661
633 662
637 664
650 676
686 714
684 724
691 721
696 592
556 599
589 627
586 628
566 618
596 667
569 607
551 608
583 623
593 643
582 625
561 601
587 630
603 636
546 583
545 585
609 980
540 580
611 650
610 657
601 525
597 575
413 468
442 503
444 505
414 466
447 504
410 465
449 511
408 463
450 506
411 462
454 523
404 458
402 457
456 519
463 521
455 514
457 515
458 535
391 440
387 437
381 441
459 524
466 528
379 430
469 534
374 429
376 427
369 420
465 532
468 536
377 425
373 410
470 533
467 553
453 520
421 490
472 538
419 484
464 529
426 470
478 539
418 477
477 541
784 400
341 394
438 482
482 542
476 543
479 554
481 547
504 552
325 377
324 375
488 572
323 380
495 565
322 378
443 507
494 559
499 562
509 569
508 570
505 574
510 571
331 88
448 205
192 545
471 232
283 306
309 266
314 236
299 220
62 82
182 215
184 214
65 78
86 107
187 216
196 228
92 104
189 219
197 230
93 109
108 120
200 234
122 125
111 130
112 128
188 223
201 235
118 138
174 208
175 206
117 140
191 222
203 237
128 157
215 240
179 209
178 211
205 243
130 160
195 227
213 249
144 164
218 261
208 226
220 259
136 163
137 169
221 256
140 175
183 212
159 177
231 267
225 275
146 176
234 279
238 291
239 290
244 285
247 293
254 295
16 8
45 52
53 60
51 65
13 9
49 57
9 10
28 34
27 31
36 50
20 28
14 21
2131854708 2132052518
2
sift 372
130 206
26 35
1 2
189 380
258 385
5 6
176 443
127 135
3 4
680 892
19 28
7 7
169 239
106 122
11 11
461 550
197 210
9 9
194 357
143 153
14 14
419 613
20 19
12 12
957 1245
400 525
27 34
381 618
137 184
18 20
364 564
181 214
16 17
422 748
192 230
21 33
477 772
182 207
75 123
496 823
302 556
23 31
743 1089
313 657
233 212
527 689
66 118
112 129
599 795
82 157
148 200
974 1318
631 838
24 29
580 839
1188 1518
689 987
1502 2301
793 944
221 399
463 576
138 220
149 147
316 579
161 170
769 828
266 523
1176 1445
839 1120
865 1213
1431 1750
1169 1529
640 684
533 826
1257 1552
40 88
685 800
43 51
920 1021
277 225
320 368
31 49
655 789
619 575
444 802
33 56
875 907
76 108
77 95
257 204
573 665
301 409
1289 1494
338 395
1079 1488
734 922
73 98
48 73
1120 1590
65 102
332 437
78 124
126 180
72 111
948 1087
587 625
213 350
1033 1330
157 163
69 86
115 145
1393 1706
451 383
71 112
482 436
251 205
145 139
116 127
359 540
872 1173
1078 1539
305 237
756 662
581 487
748 861
390 314
164 228
574 520
1436 1560
255 428
913 1533
481 542
738 752
642 716
958 1138
424 352
1017 1640
525 381
768 1019
500 509
929 1294
465 446
140 168
1202 1467
1067 1519
637 700
1119 1657
849 1176
725 813
460 511
1175 1332
1225 1076
620 983
99 134
292 293
673 510
1561 1588
628 898
1390 1469
1424 1434
720 905
939 1034
605 798
91 136
484 642
648 769
781 880
1062 1197
2014 1596
800 1086
1358 1289
353 389
1050 1183
1486 1828
622 505
119 137
615 1075
492 562
867 1000
1854 1896
987 973
1106 1106
1415 1419
1019 1295
892 1004
952 991
1109 1088
399 572
1571 2082
124 216
322 432
2002 1804
932 980
1141 1369
413 740
650 456
1648 1919
876 1143
1897 2112
596 679
721 981
133 203
2531 2148
1851 2208
1776 2661
172 198
1638 1829
392 535
1148 1870
147 188
423 434
1022 1217
1232 863
708 885
916 1244
1235 1586
2527 2084
468 461
589 897
845 995
1254 2241
1433 1712
1998 2248
118 132
1389 1270
947 1068
456 560
659 866
944 1538
173 151
238 299
1843 2315
616 942
1134 1317
434 699
129 191
1154 1128
1859 1976
1653 1899
866 1040
993 1738
629 840
1253 1193
1055 1291
1310 1603
178 258
731 718
698 654
1272 1581
1881 1691
1890 2226
778 886
742 848
300 532
324 356
1683 2165
994 1755
759 691
797 449
278 391
1961 2153
154 197
2202 2850
764 964
679 785
2007 2501
674 702
243 354
529 558
2017 2245
2255 2459
591 666
1720 2458
1836 1516
1552 1476
1092 1050
432 454
1376 1480
583 447
823 821
1803 2080
1320 1355
1589 2639
288 309
1748 2236
851 945
636 648
1793 2618
355 495
885 790
1411 1602
1081 1334
1654 1674
405 377
785 811
782 737
1229 1063
442 594
1407 1195
1562 1381
559 602
938 992
707 757
1086 1187
307 349
917 996
1545 1453
244 215
1273 1567
1246 1342
1181 1121
961 928
269 325
1573 1967
1139 1097
191 219
827 799
396 394
836 985
677 847
1194 1124
346 364
766 877
1284 1407
853 938
805 832
1077 1060
953 1051
1131 911
1064 1673
992 1186
508 708
880 1038
964 705
1684 2424
361 630
908 953
1082 1287
1518 1998
475 474
1118 1099
386 422
877 834
633 825
661 939
1122 1125
1098 1316
965 1251
1871 2023
1058 1258
935 1135
750 672
963 1109
1312 1534
1228 1169
2090 2065
1199 1227
882 1026
1757 2240
1717 2119
2230 2305
1572 1562
1306 1344
577 773
1009 1771
1362 1535
1045 1179
1447 1717
542 621
1186 1237
1673 1817
1379 1604
akaze 283
743 928
708 919
789 974
298 488
770 930
781 969
334 512
667 850
788 967
321 499
720 901
776 961
109 195
594 772
775 965
597 771
774 971
599 782
752 940
591 769
741 920
601 598
763 958
533 689
757 942
544 733
755 933
511 694
762 954
524 697
756 950
534 690
742 941
536 691
758 953
508 686
761 955
515 692
767 968
512 693
795 951
509 699
771 944
503 701
745 938
504 696
751 935
507 582
748 914
451 727
744 907
510 586
728 906
427 614
731 875
459 620
721 869
261 418
684 853
458 617
696 883
268 419
673 851
349 493
689 876
270 422
698 867
339 498
668 845
265 413
709 886
342 497
671 866
266 415
701 881
363 485
699 879
273 401
693 870
351 501
703 880
292 409
642 823
352 500
646 829
296 432
656 834
367 489
664 833
297 454
659 835
311 492
637 819
231 297
660 839
213 113
662 836
94 335
669 843
110 131
652 804
65 96
635 816
145 188
643 824
63 105
612 776
143 192
611 781
62 111
614 779
112 193
595 766
57 112
630 809
144 184
634 805
45 122
600 795
121 189
616 793
2 5
626 798
125 183
628 800
4 7
604 770
13 16
633 802
5 19
629 807
606 777
622 784
620 778
623 803
644 634
441 768
531 665
572 714
565 724
569 742
551 676
532 661
541 662
549 592
576 612
547 594
477 641
472 636
445 597
479 667
440 583
464 623
452 602
491 626
497 640
435 580
465 604
482 628
484 980
461 618
469 635
473 981
463 625
467 630
462 608
489 644
453 621
498 653
328 441
336 427
361 438
331 437
337 425
340 496
364 495
365 471
357 468
372 463
370 462
368 460
366 458
376 505
377 511
374 509
384 507
375 503
378 502
379 521
389 535
381 510
391 506
386 523
403 520
390 516
388 519
396 545
397 534
392 529
404 532
395 536
394 528
402 515
284 392
285 377
302 378
287 375
401 575
400 538
304 380
301 394
306 400
303 403
305 407
322 410
312 414
318 424
316 420
324 439
413 540
412 544
325 428
421 543
416 551
383 203
172 553
327 124
398 228
293 88
226 304
230 306
246 346
127 336
247 220
168 212
81 87
77 82
162 216
85 78
76 89
75 93
174 222
105 130
192 227
134 176
170 225
171 226
151 218
178 223
113 128
107 125
132 172
140 157
152 199
100 120
196 232
176 230
161 215
177 234
91 104
98 107
257 160
189 244
163 219
159 211
141 155
154 205
180 237
155 209
190 245
173 210
167 213
212 266
41 52
14 10
39 44
32 28
10 8
46 50
11 6
23 69
19 9
21 11
