20823655 50683987 51328283 369143652 1157588995 1255257477 1420202240 1969886188 2009035483 2057653259 2113974347
50683987 51328283 369143652 1157588995 1255257477 1420202240 1969886188 2009035483 2057653259 2113974347
51328283 369143652 1157588995 1255257477 1420202240 1969886188 2009035483 2057653259 2113974347
369143652 1157588995 1255257477 1420202240 1969886188 2009035483 2057653259 2113974347
1157588995 1255257477 1420202240 1969886188 2009035483 2057653259 2113974347
1255257477 1420202240 1969886188 2009035483 2057653259 2113974347
1420202240 1969886188 2009035483 2057653259 2113974347
1969886188 2009035483 2057653259 2113974347
2009035483 2057653259 2113974347
2057653259 2113974347
