1306415531 1307761724
2
sift 397
21 18
74 82
0 0
76 85
94 102
2 2
58 72
59 70
6 6
57 75
571 660
4 5
64 78
60 67
11 9
50 58
48 81
12 12
72 83
61 66
13 13
52 60
75 77
235 270
51 59
111 140
36 35
79 86
682 836
16 15
71 79
118 150
19 16
771 967
819 1133
37 36
139 161
121 152
40 40
892 1045
939 1097
41 41
92 107
110 148
34 33
81 101
137 216
332 441
155 180
127 155
26 24
87 112
1042 1329
47 42
98 116
135 159
177 197
107 138
253 298
29 26
298 374
123 165
181 239
212 282
304 480
374 448
237 315
209 312
483 555
234 336
218 269
158 181
368 434
239 311
24 23
242 333
270 275
83 98
246 369
152 207
422 548
260 365
770 812
353 444
272 356
530 636
381 483
288 368
248 362
389 451
249 420
1004 1180
325 437
1846 1247
966 1297
35 30
313 432
627 781
33 34
296 334
778 1034
84 95
2451 1626
491 635
783 821
622 961
559 780
30 29
1197 1340
526 687
103 137
748 926
91 109
27 31
95 129
42 39
739 853
356 456
32 27
219 238
687 765
1167 1262
716 727
366 397
45 46
69 64
124 188
55 87
161 227
208 300
165 221
215 286
228 305
342 348
1220 1057
202 284
809 1029
602 700
274 375
62 69
1705 1856
849 850
576 645
120 122
67 73
282 359
524 654
651 839
364 497
53 62
250 408
646 860
44 50
818 818
388 396
1504 1664
397 416
348 383
1430 1339
599 746
415 442
567 667
170 218
885 1150
850 775
398 475
531 565
806 1076
303 385
73 61
583 803
350 427
1088 1627
677 890
1110 1930
80 91
406 509
85 96
1182 1157
541 613
502 535
858 914
394 516
1394 882
985 1306
324 414
590 646
769 796
359 468
102 125
301 424
501 551
122 145
686 766
1582 1609
99 124
323 345
335 403
434 523
1032 1320
474 517
263 352
1210 1027
1203 1257
1421 1330
393 530
693 749
339 388
306 343
522 619
636 769
934 1104
385 518
549 591
232 296
305 354
788 1086
116 166
470 472
1169 1333
918 872
733 1052
466 552
138 175
436 406
443 499
414 478
1714 2028
100 142
553 648
587 662
484 618
1429 1505
108 149
772 906
224 246
635 706
156 203
911 1496
1102 1210
112 186
612 679
1064 1050
147 200
357 473
1566 2389
689 870
633 843
1145 1132
532 650
101 139
119 228
1452 1448
405 515
227 308
479 649
254 297
226 260
193 237
358 341
961 978
285 344
167 163
175 242
1649 1825
644 759
399 505
183 251
1339 1610
2414 2404
1086 1040
90 123
204 206
211 301
240 285
528 585
1909 1740
810 990
143 119
751 995
1991 1802
964 1394
1988 1701
893 1129
352 446
914 1885
1516 1577
1627 1532
1765 1784
1545 1233
1433 1553
1341 1415
758 827
441 491
2039 2356
409 488
980 1204
2034 2333
1181 1175
461 563
1007 1279
114 127
258 213
186 130
255 328
1935 2373
956 1248
1648 1643
1054 951
1215 1406
106 106
1490 2196
1281 1959
1241 1417
292 428
417 526
349 453
1428 1668
190 215
2743 2607
496 597
672 736
726 720
477 581
1962 1324
1115 918
702 1064
949 1404
517 663
472 595
657 846
1052 1101
1255 2344
1724 1655
1891 1291
696 829
690 728
1377 1851
1525 1841
1728 2275
1328 1206
1389 2345
695 883
465 626
295 372
1491 1259
2222 2072
322 419
781 1378
2216 2006
632 824
720 1103
766 897
917 1892
1125 1046
1119 2238
345 479
1047 2771
667 825
711 674
1444 1747
655 1033
182 256
2120 1846
1176 770
827 1501
1583 1817
825 928
516 534
1261 1347
2214 2065
654 893
523 614
471 538
1085 1744
176 331
762 1502
1684 1056
495 630
454 568
2051 1787
967 830
1443 1615
438 685
853 1154
1117 1249
764 540
2180 1789
540 772
1406 1386
659 710
2659 2842
1126 1423
507 616
1587 2573
921 1603
1324 931
akaze 374
860 909
839 898
874 925
811 871
847 893
877 926
810 861
806 863
878 919
798 862
814 852
863 908
715 757
718 760
869 932
734 777
724 769
851 895
622 675
623 672
870 913
624 673
630 680
842 902
635 670
637 685
837 892
625 674
553 599
815 886
525 575
543 605
801 853
551 593
558 597
803 854
535 582
550 601
813 869
467 609
614 596
820 877
546 479
560 608
817 903
568 490
561 602
840 880
555 496
552 595
802 870
534 492
559 606
807 872
441 478
556 585
818 864
466 508
583 615
835 897
457 484
547 603
846 878
329 349
562 621
792 850
331 354
548 592
784 828
334 363
539 506
797 841
301 316
557 499
781 830
293 314
450 489
799 840
294 312
328 355
783 786
292 322
309 323
788 791
297 325
303 319
769 770
295 324
310 326
731 768
307 315
314 360
780 811
298 318
308 329
750 803
306 317
324 334
735 782
299 335
313 330
762 820
300 327
332 332
760 809
304 320
317 347
754 802
305 340
316 333
742 779
315 328
337 339
752 801
302 321
330 352
755 799
327 384
325 346
720 766
326 350
322 120
740 790
129 119
240 256
725 787
80 84
103 110
773 805
78 82
98 108
761 817
107 113
95 105
732 764
112 124
100 104
687 730
89 87
92 100
682 729
108 112
88 94
680 724
76 88
96 98
679 721
74 85
91 92
643 693
84 83
114 116
646 681
71 81
105 109
675 716
77 76
111 127
642 689
79 93
128 141
632 679
75 74
16 33
676 717
104 71
14 11
650 688
72 78
66 12
674 726
69 72
19 15
648 694
87 73
21 18
693 714
120 122
677 723
73 70
684 715
11 9
671 712
4 3
652 687
13 4
667 722
12 0
634 691
1 2
655 697
7 1
660 696
669 708
641 686
645 700
668 705
649 690
656 698
672 706
657 683
662 720
644 692
654 775
688 703
640 702
633 676
636 677
631 678
651 695
685 738
694 731
689 736
696 741
709 739
698 742
706 746
711 751
717 758
704 752
708 765
719 755
619 666
598 618
591 627
601 628
575 636
581 524
596 525
579 528
569 509
505 542
486 532
479 505
489 549
483 504
488 529
493 541
516 546
522 545
495 543
473 514
523 563
504 560
480 498
465 513
492 544
509 571
477 521
484 533
537 569
349 356
342 358
357 368
359 361
339 401
346 375
348 389
345 377
358 379
354 390
374 388
365 386
370 396
361 391
364 405
387 403
363 393
362 433
383 398
392 400
377 409
389 419
381 412
391 413
386 418
393 453
396 422
398 423
394 424
416 425
397 436
400 429
403 427
406 435
413 434
402 437
401 439
405 445
411 455
407 443
417 444
414 447
425 450
418 457
415 449
420 452
430 463
423 461
427 473
422 456
432 462
438 459
424 469
435 466
439 494
433 472
434 242
355 144
429 243
347 123
255 272
249 273
274 291
194 202
189 204
191 203
142 179
182 197
155 187
193 210
144 161
185 196
231 250
158 165
124 129
141 185
199 211
224 231
187 200
192 198
207 245
208 216
159 170
173 171
209 221
118 126
214 229
168 181
116 137
217 232
235 230
230 233
132 154
139 128
174 191
221 238
148 150
184 190
181 192
119 117
138 158
186 199
18 36
32 38
30 29
48 57
68 53
57 80
22 27
67 69
33 28
59 75
55 64
62 61
45 68
28 40
37 37
20 21
50 35
40 46
61 63
43 44
64 66
1306415531 1383503671
2
sift 209
76 65
48 46
2 2
57 57
36 37
4 5
58 59
59 72
7 10
51 56
572 565
11 12
72 64
60 74
12 19
79 75
741 651
19 21
155 108
94 90
37 31
107 101
660 751
34 28
97 94
78 79
483 472
75 78
668 827
118 114
422 518
682 938
381 370
137 132
374 432
998 1237
325 359
110 115
33 32
649 726
353 337
1004 912
158 168
1153 768
84 86
966 1021
430 538
1265 1122
31 35
91 87
1558 1286
103 98
95 85
797 795
852 834
892 1022
1335 1108
687 859
45 54
1115 986
208 202
754 1050
2158 1512
38 43
161 165
202 217
165 162
215 223
228 197
591 645
862 623
120 95
364 310
698 888
842 933
131 159
904 823
67 66
53 62
600 735
250 182
1289 1511
604 627
44 52
170 173
677 633
651 982
857 963
531 504
747 661
80 77
583 722
73 68
99 82
501 519
834 773
321 338
350 356
1031 1114
434 389
785 1104
1024 1226
683 808
116 106
86 83
796 923
662 833
633 489
385 398
263 305
876 1115
108 88
787 750
837 1038
393 436
549 437
201 160
686 689
122 131
405 351
856 870
925 962
736 744
466 411
443 381
484 535
587 529
1838 1754
1452 906
932 1037
1429 1011
553 588
532 566
414 409
689 597
420 501
1221 1613
189 192
119 122
1172 1006
1600 2001
1028 1138
1207 798
612 676
644 612
1966 1610
977 915
1259 2222
936 1899
915 1072
254 276
499 579
528 478
183 209
352 321
399 403
292 213
479 442
90 96
964 1161
1116 815
1432 1359
441 392
221 247
1084 817
681 952
1328 636
349 407
477 414
804 1077
190 183
1460 1049
672 647
115 124
1070 899
1106 1852
344 332
295 264
517 494
2594 2134
1627 1264
2157 2673
696 878
655 644
594 582
1508 932
608 506
1529 1936
1724 1530
105 255
949 890
1125 1019
781 701
182 196
1176 1026
513 486
570 523
773 1096
471 431
1366 1893
1277 960
1488 2565
490 471
2295 1601
1759 1722
343 272
921 730
2123 1570
1443 1560
akaze 229
715 636
839 719
874 739
622 574
806 689
870 733
624 587
623 593
872 727
625 565
637 564
879 725
546 502
539 485
863 728
535 499
630 576
869 732
525 514
561 488
820 712
534 527
556 490
832 724
441 416
450 414
837 729
291 296
309 282
813 705
301 295
310 297
819 706
293 302
308 277
807 698
292 304
324 281
882 711
298 291
337 267
801 696
306 288
328 316
845 720
326 301
333 278
846 708
327 310
322 56
802 684
74 93
336 313
831 735
84 95
240 66
818 692
79 97
88 80
816 640
87 101
85 85
783 670
104 121
124 102
799 664
73 98
95 82
781 673
112 106
114 99
797 671
108 151
113 54
788 672
7 8
103 58
792 693
100 75
784 678
92 84
735 632
14 2
754 680
773 651
752 648
750 644
778 649
740 643
755 645
731 639
760 647
761 669
693 596
654 572
640 585
677 604
651 594
684 598
671 592
678 588
658 568
732 624
636 577
673 590
632 579
668 580
659 581
652 571
663 586
687 599
685 602
703 607
689 603
691 623
710 605
709 610
706 611
704 614
708 612
676 597
647 570
667 457
619 559
605 549
591 548
596 531
601 547
575 419
579 418
616 431
498 454
495 452
477 415
490 440
509 461
484 426
501 455
479 436
489 448
480 400
506 450
523 467
488 438
466 428
465 444
420 449
374 424
383 358
389 323
386 338
414 382
396 322
398 335
416 333
397 339
403 361
408 363
413 369
404 378
463 372
405 370
407 377
417 392
425 368
430 398
423 385
422 383
432 384
426 391
435 389
406 371
349 269
347 258
334 320
342 359
338 334
339 340
346 305
356 306
348 303
354 315
365 321
361 309
439 394
363 299
362 360
249 230
278 180
158 163
207 185
175 109
208 240
211 169
185 143
209 199
228 206
144 127
155 171
148 110
181 125
235 191
230 201
199 181
224 182
232 200
139 131
171 141
194 195
186 122
127 53
203 139
119 52
221 194
197 138
52 198
177 24
55 35
37 13
18 20
22 45
65 55
57 42
48 37
43 23
58 46
47 40
63 50
64 59
1306415531 1431209915
2
sift 234
21 19
48 41
0 1
137 145
2 3
76 62
60 60
6 6
135 138
4 5
58 51
59 61
7 8
213 164
11 9
57 52
61 57
12 16
15 14
64 54
78 67
36 34
19 18
72 58
75 64
37 28
26 21
50 50
121 93
34 24
332 204
51 49
110 102
503 344
177 143
52 53
649 410
483 291
607 446
79 63
685 387
668 501
29 25
71 59
270 176
422 289
374 250
1103 864
152 107
158 122
430 331
132 98
149 140
33 31
31 23
81 68
770 464
783 503
35 32
139 126
1004 1008
389 267
84 81
92 72
353 238
27 26
155 106
103 92
429 284
97 75
565 391
613 579
107 121
572 338
220 191
1375 1271
660 496
96 84
249 150
676 509
739 436
368 277
384 298
124 101
1197 805
69 47
1224 828
2451 1698
716 471
669 458
208 166
840 953
65 44
38 37
897 736
45 55
761 667
1012 755
161 156
643 438
998 708
165 159
228 183
202 177
215 184
809 725
416 232
364 196
698 585
1304 630
862 672
756 720
1581 1410
251 163
53 65
710 476
857 480
815 578
44 46
623 512
922 946
651 571
790 638
583 364
798 786
666 632
567 477
832 975
604 451
304 202
861 710
662 474
303 208
833 741
1042 1095
99 100
434 303
858 647
796 531
590 337
85 87
324 244
1248 634
1394 836
834 721
102 103
393 311
116 89
692 492
1884 1672
785 780
896 856
1202 772
319 225
788 517
1448 1311
385 270
837 961
264 206
119 97
683 427
466 294
635 478
782 1005
549 319
940 1109
1584 1144
856 977
670 664
1307 829
278 207
964 610
108 104
1240 690
1018 718
1153 537
444 273
1975 1364
1244 695
1145 874
648 461
1703 1359
528 394
1109 899
156 162
2511 1813
918 1028
227 203
479 278
1452 973
644 407
1077 1162
961 763
977 607
409 263
1701 1826
532 731
1330 1502
609 582
1558 1021
2453 1276
372 252
893 640
1433 1471
1250 1679
965 1748
114 94
1763 1057
105 173
2343 1840
1116 832
344 237
917 692
1731 1779
560 388
2092 1564
182 216
695 641
801 675
1410 1724
780 622
471 280
720 620
873 1210
439 321
1744 1464
1322 2365
507 380
1419 1415
1716 1911
742 727
659 444
1049 1062
921 1738
akaze 306
860 660
839 691
879 665
550 423
851 679
798 626
806 630
872 666
558 425
870 673
715 574
814 625
863 689
561 414
847 662
734 553
623 501
802 632
553 415
815 633
624 511
637 509
835 656
318 202
836 652
622 514
557 452
837 659
330 195
845 672
625 522
614 427
840 644
322 188
833 642
555 444
560 453
880 643
337 20
819 655
525 448
552 439
820 640
113 17
808 658
534 442
547 419
813 653
801 624
546 483
548 433
804 628
818 641
535 355
543 422
803 637
807 636
568 379
583 447
816 575
792 627
441 350
539 434
784 611
797 639
291 221
551 431
799 610
783 573
301 225
556 438
781 564
788 581
293 232
562 418
735 568
750 585
294 219
559 417
755 589
731 556
292 224
450 358
752 593
740 570
297 227
314 243
758 583
754 605
295 222
303 211
778 604
745 582
307 230
309 212
720 562
773 591
298 235
310 214
771 588
762 592
306 218
308 207
761 590
751 563
299 216
313 208
725 569
760 597
300 215
312 199
684 525
711 558
304 217
332 210
640 515
671 523
305 220
317 197
654 508
678 520
315 226
316 204
716 552
701 539
302 213
328 233
699 545
698 533
327 271
344 249
710 538
648 518
326 231
324 34
717 540
633 502
329 229
240 157
669 530
691 532
331 228
111 58
636 524
676 526
107 69
114 63
677 521
689 531
108 62
100 33
685 542
687 527
73 52
92 36
682 529
651 513
76 45
83 44
673 535
661 512
74 53
21 4
652 505
704 543
84 43
708 549
632 510
71 47
665 516
619 517
77 50
579 481
603 459
79 55
596 486
601 489
75 40
605 383
575 359
72 75
591 380
505 389
69 56
466 357
488 386
87 59
465 371
479 372
104 66
493 392
477 370
7 2
484 364
473 384
495 390
480 336
509 402
498 403
489 387
490 398
501 396
516 401
504 393
517 341
356 245
348 240
374 269
365 241
370 244
361 251
364 238
387 237
397 292
362 288
391 263
386 276
393 278
396 250
394 262
395 257
400 296
403 306
399 299
406 312
413 297
402 300
401 315
409 303
405 302
411 309
407 317
417 308
414 311
425 301
415 313
420 318
423 321
422 320
432 322
438 332
424 319
435 325
463 304
437 333
349 194
347 193
333 223
334 242
342 264
363 255
357 260
359 236
339 280
341 275
355 234
439 327
346 248
434 145
185 295
249 159
274 171
248 170
278 150
201 182
224 123
119 22
158 111
207 131
197 102
208 130
182 94
211 127
209 140
217 137
235 138
230 141
139 83
155 115
126 79
187 121
192 126
221 142
194 158
196 120
193 134
118 89
142 78
120 76
144 84
148 68
128 54
228 153
203 93
199 129
181 81
127 32
229 154
191 7
52 18
47 11
59 23
57 10
22 14
18 9
49 1
1307761724 1383503671
2
sift 242
85 65
782 708
0 0
75 57
35 37
2 2
72 59
659 565
6 7
58 58
60 60
4 4
59 56
102 90
7 10
86 75
67 74
9 12
180 108
70 72
12 19
100 92
77 78
13 14
1480 1841
836 938
270 271
138 101
948 856
15 16
1768 1446
16 21
216 132
539 554
1043 1089
36 31
274 184
33 28
165 135
24 24
307 279
555 472
493 426
22 23
863 803
440 386
314 208
483 370
1200 1100
448 432
1713 1811
444 337
735 704
548 518
932 789
181 168
373 311
244 188
1180 912
34 32
1566 1271
437 359
1297 1021
95 86
689 761
38 38
2360 1672
529 564
1590 1286
28 35
109 87
918 986
542 538
136 99
1399 1627
755 887
693 785
128 84
567 439
765 859
188 125
46 54
1032 1027
1068 1781
544 604
335 267
226 164
122 95
1029 991
305 197
286 223
221 162
700 783
299 201
971 1195
851 821
647 601
382 274
808 1036
628 571
497 310
73 66
62 62
1012 985
408 182
645 639
218 173
768 732
50 52
565 504
839 982
725 808
760 663
124 82
61 68
91 77
796 853
427 356
804 721
395 338
97 83
114 81
166 106
1542 1101
756 833
923 865
1433 1133
523 389
513 394
591 437
1384 1737
145 131
1123 897
425 317
352 305
954 919
766 689
1361 1525
1598 1203
149 88
438 324
1037 1665
1442 1648
457 384
525 430
518 398
400 205
662 529
498 380
619 493
530 436
721 679
648 588
1427 1610
618 535
1086 786
1505 1011
1079 1099
1082 1176
643 446
478 409
870 597
841 845
1011 1129
977 771
257 140
679 676
1722 2299
447 292
676 638
759 612
1098 1265
228 122
649 442
936 1285
1595 1298
251 209
320 235
1227 1485
482 365
732 806
892 766
978 1188
584 477
583 480
505 403
1394 1161
762 867
491 427
1619 1584
123 96
816 617
428 213
1300 2410
1337 1134
1365 1404
126 124
1635 1387
581 414
1206 636
663 494
1644 1436
453 407
829 878
637 498
1204 1660
106 256
736 647
960 765
2800 2700
532 299
595 458
1668 1504
2577 1933
720 652
2078 1468
893 644
557 486
331 230
1655 1530
1404 890
256 196
1581 1145
1013 703
538 431
928 774
1268 1350
1807 1472
1249 816
674 681
608 468
678 544
1948 1618
1999 2215
450 377
1731 1503
1207 1266
986 709
1478 1661
1592 1471
1134 1156
371 272
akaze 213
899 721
898 719
930 746
909 717
863 689
932 732
777 628
685 564
908 728
675 574
680 576
913 733
674 565
672 593
911 736
581 509
602 488
864 692
673 587
585 490
877 712
582 499
334 281
885 706
609 511
329 277
872 698
575 514
339 267
886 700
478 416
326 297
869 705
316 295
323 282
881 711
508 428
344 262
870 684
314 302
364 313
889 720
312 294
331 271
854 690
322 304
354 298
853 696
318 291
256 66
876 731
317 288
116 99
878 708
335 289
110 58
894 715
320 300
100 84
882 735
363 320
94 80
892 729
350 301
86 88
840 664
384 310
11 2
841 671
95 98
129 102
828 678
73 101
830 673
124 106
850 693
112 151
805 651
93 97
808 655
76 135
804 649
8 9
809 647
790 643
782 632
801 648
794 654
817 669
792 641
795 640
803 644
802 680
715 598
705 580
738 602
704 600
765 612
743 609
746 611
736 603
676 567
775 572
677 577
764 624
679 579
695 594
687 571
739 610
730 599
735 623
710 581
752 614
732 607
712 592
723 604
713 588
702 585
722 457
562 605
627 548
666 559
628 547
636 419
521 415
529 438
533 426
498 400
549 448
554 451
543 452
551 449
566 463
558 465
559 468
563 467
513 444
505 436
388 424
395 357
460 391
425 333
426 342
433 360
393 299
462 384
403 308
473 379
427 361
423 335
454 363
440 373
442 375
450 368
444 392
447 382
391 309
438 378
386 321
456 383
461 385
445 370
375 305
389 303
419 323
466 389
358 359
357 258
390 315
356 269
467 399
474 390
443 189
435 186
405 109
471 206
217 374
296 247
284 217
273 230
295 117
290 147
301 149
202 195
196 143
173 115
192 125
199 122
219 167
211 181
161 127
231 182
245 185
221 199
246 180
247 204
150 110
235 187
151 123
239 200
187 171
238 194
58 24
27 45
64 35
43 21
44 23
68 60
80 42
57 37
36 20
37 13
66 59
1307761724 1431209915
2
sift 238
18 19
20 20
0 1
80 42
2 3
85 62
53 45
6 6
216 145
4 4
72 51
659 338
7 8
174 138
9 9
75 52
67 60
12 16
292 164
10 10
78 54
66 57
15 15
35 34
83 58
70 61
16 18
36 28
60 53
77 64
559 322
24 21
58 50
1085 754
33 24
441 204
59 49
1097 755
555 291
189 144
86 63
907 714
197 143
26 25
79 59
1149 795
430 209
448 250
161 98
1156 773
548 289
181 122
1407 864
1081 688
244 169
444 238
152 111
1187 824
30 32
28 23
107 72
148 102
95 81
908 676
180 106
948 1069
34 31
821 503
100 69
1043 602
38 30
23 27
116 74
1072 1099
542 331
136 91
138 121
307 189
128 84
979 1033
1030 1152
1329 1095
853 436
726 472
434 277
493 279
755 667
64 47
291 167
159 147
879 645
1032 635
1102 806
275 176
188 101
808 458
1340 805
258 129
564 348
69 43
744 307
314 179
1068 1020
46 55
2402 1779
541 306
737 454
122 85
812 464
647 334
104 88
635 347
700 545
226 155
2180 1902
971 747
221 159
582 329
305 183
998 613
1125 1173
286 184
823 681
283 178
1515 1113
1012 653
1029 725
969 753
1057 630
938 628
851 639
985 684
1272 1130
497 196
62 65
217 160
839 571
2098 1222
50 46
565 345
838 573
1422 943
145 90
803 364
646 337
756 474
92 70
767 477
124 100
1251 1122
725 427
427 231
96 87
1106 897
796 486
914 647
414 244
819 452
523 303
166 89
1123 783
489 270
125 103
788 422
449 246
954 564
351 206
552 294
1082 655
530 311
863 743
591 319
920 636
1086 517
1628 715
705 479
228 97
842 637
257 124
662 312
937 811
1084 695
919 1074
709 409
498 273
1394 610
149 104
2252 1165
682 400
1143 858
203 162
643 362
2138 1263
1448 973
759 398
929 607
618 406
945 1075
732 502
1141 1702
942 823
978 763
892 541
308 203
482 310
762 600
620 360
452 207
2867 1802
505 260
1918 1232
2405 1429
126 95
1553 1471
1878 1086
1903 1633
1813 846
1590 1021
1695 2134
1720 1097
981 558
2176 1874
1851 1406
1075 675
988 832
2510 1057
1749 2460
1888 1627
1792 1548
809 507
538 280
1405 1017
1892 692
672 551
1760 1569
986 549
1603 1738
1217 834
akaze 276
909 660
898 691
911 669
599 415
908 689
899 664
896 670
902 681
597 425
893 662
862 626
863 630
895 679
601 423
913 673
777 553
852 625
879 657
602 414
865 658
673 511
762 595
894 654
344 188
870 632
670 504
789 571
877 640
352 187
857 635
674 522
672 501
869 653
342 25
864 641
675 514
685 509
872 636
339 20
880 644
575 448
615 447
876 649
859 628
581 465
608 453
853 624
875 643
609 449
605 422
897 656
887 642
593 431
592 433
892 659
886 633
582 355
596 427
885 655
890 651
508 357
606 417
854 637
883 647
478 350
621 418
891 650
882 646
363 242
585 438
840 610
841 639
354 228
584 432
850 627
828 611
316 225
595 439
847 577
830 564
349 229
600 338
824 554
792 620
314 232
417 249
766 562
805 591
312 219
355 233
803 585
763 550
322 224
323 212
795 575
811 608
325 227
326 214
817 590
806 588
350 231
360 243
820 592
782 568
384 271
329 207
809 597
801 593
324 222
330 208
802 605
821 586
315 230
333 204
754 559
708 530
318 235
347 197
775 508
676 502
317 218
332 210
677 524
703 519
335 216
256 157
679 510
764 546
327 215
127 58
687 505
694 518
320 217
116 63
702 515
712 523
319 211
100 36
715 525
713 520
328 226
97 37
723 521
717 526
340 220
18 4
735 532
729 529
73 59
730 527
695 513
95 52
738 542
736 531
122 76
742 533
744 545
113 69
750 539
751 558
88 45
758 540
752 543
85 53
765 549
666 517
83 51
628 489
636 359
81 38
627 380
566 410
76 50
551 399
505 372
93 55
529 386
514 384
78 75
543 390
546 401
72 56
533 364
560 393
521 370
498 336
544 391
558 409
541 392
548 406
542 389
559 405
513 371
562 148
391 251
405 238
435 312
434 297
401 280
413 263
439 315
358 264
445 302
455 309
357 193
356 194
442 307
444 308
447 311
432 299
389 240
449 313
452 318
424 262
461 321
456 320
473 314
378 234
462 322
459 332
375 248
466 325
469 319
431 323
426 295
427 306
429 296
388 269
386 241
368 260
361 236
393 255
396 244
403 237
433 288
450 301
371 82
217 316
472 154
291 171
273 159
279 78
301 80
295 77
205 169
233 141
203 125
234 149
232 137
230 138
187 115
161 84
148 101
150 68
210 134
238 142
202 158
207 133
219 122
128 83
188 109
192 81
211 129
231 123
247 144
197 94
245 131
200 121
198 126
242 145
246 150
56 7
36 9
27 14
75 23
80 10
1383503671 1431209915
2
sift 212
65 62
37 34
2 3
46 41
8 6
57 52
60 53
4 4
132 145
10 8
63 54
71 59
12 9
660 525
19 16
59 51
565 338
15 14
418 226
31 28
56 49
708 579
24 21
554 323
58 50
752 495
28 24
687 446
64 58
79 67
232 188
312 204
75 63
1237 708
38 30
518 289
107 93
110 111
827 501
432 250
112 126
856 1069
36 25
32 31
100 150
1249 768
187 168
167 123
91 68
1043 773
25 26
86 81
93 74
1089 602
34 22
337 238
101 121
279 189
449 267
444 315
166 167
1576 1513
538 331
98 92
1056 1144
250 195
756 418
704 556
1001 735
84 84
726 410
48 43
669 391
803 743
125 101
502 340
208 179
929 509
1179 605
768 537
53 56
257 187
1286 1021
1027 635
95 85
585 434
40 36
1780 1019
330 232
1195 747
42 38
164 155
233 175
267 199
1451 678
508 371
161 158
783 545
197 183
217 177
223 184
812 515
294 193
1103 716
497 281
310 196
928 782
888 585
571 366
1666 1251
1190 762
515 392
61 66
180 163
347 228
963 480
173 161
82 100
1008 1023
307 210
52 46
627 451
721 365
354 223
106 89
455 292
242 171
489 290
773 721
1054 599
389 303
662 516
338 208
982 571
350 244
415 317
635 424
1007 1101
808 427
356 231
83 86
719 432
1071 1179
1133 697
1477 783
919 564
411 294
398 270
336 225
394 316
1611 845
437 319
317 234
351 304
1338 857
140 124
1038 961
1272 1056
1121 695
1136 745
529 312
997 642
1318 686
691 664
97 104
1337 808
380 273
1844 690
915 607
941 811
612 407
2458 1299
1452 1269
950 1191
983 899
766 541
1087 625
1129 907
1404 1104
365 325
1161 883
403 260
866 601
1403 1365
830 850
2021 1518
123 94
839 777
425 417
1487 991
1499 2460
1051 615
1301 1433
2645 2091
1766 2110
1749 796
2053 1748
1260 1444
1880 2207
1241 1421
776 535
937 702
1026 595
1822 751
431 280
1123 1490
890 1016
1111 1175
2215 1724
709 549
2177 2065
2167 1744
akaze 240
717 660
719 691
737 676
563 500
745 684
687 626
689 630
734 680
488 414
736 669
565 522
695 634
726 674
472 423
728 689
569 504
688 625
744 668
473 334
721 664
574 514
661 560
698 636
259 205
705 653
514 448
593 501
712 640
267 184
704 648
527 442
564 509
692 641
265 190
699 629
509 465
481 447
713 633
274 192
715 654
499 355
497 432
714 652
260 189
729 659
506 379
493 431
696 624
73 30
684 632
416 350
485 434
735 646
54 17
731 649
287 215
484 422
706 655
64 19
671 639
288 218
490 438
664 610
693 627
291 235
407 365
657 607
678 611
295 225
402 363
670 573
673 564
296 221
271 199
672 581
650 608
304 224
278 223
669 590
652 588
324 229
282 212
640 575
649 604
301 231
307 226
647 597
631 567
121 66
108 71
632 568
644 585
98 52
99 63
636 574
627 563
111 75
84 36
680 605
651 591
8 2
88 50
645 589
585 515
592 523
584 519
571 505
577 524
604 521
588 520
599 527
579 510
587 511
573 506
572 508
594 513
598 525
597 526
601 536
606 529
602 542
603 531
610 541
614 543
618 559
619 548
581 368
612 408
541 459
547 489
531 486
534 478
551 477
543 457
548 380
546 378
549 383
520 362
561 394
440 398
436 372
465 409
442 367
444 371
428 357
463 410
441 382
455 396
452 390
433 377
446 395
438 386
400 336
468 405
426 364
456 407
445 384
469 412
258 193
364 300
370 302
372 304
392 308
374 316
385 321
375 307
379 314
322 250
377 317
383 320
380 354
389 325
386 313
384 322
299 255
303 240
308 237
306 245
305 248
310 271
309 251
321 241
320 242
331 254
359 264
341 253
340 280
382 311
345 278
338 276
342 295
361 306
357 279
360 288
394 327
269 194
371 312
397 328
333 94
343 91
334 79
140 270
230 159
163 111
210 152
171 115
134 106
167 122
192 165
202 146
194 142
53 32
201 141
172 118
52 22
179 120
186 125
131 83
174 134
195 158
128 96
204 144
180 150
125 81
182 123
126 76
138 102
127 84
181 129
206 153
149 80
110 68
183 128
240 130
136 109
197 139
185 131
45 14
41 16
42 10
