2104031122 2135187765
2
sift 191
69 91
0 0
21 22
132 157
2 3
178 217
4 4
63 87
1063 1521
6 8
12 15
82 115
425 424
10 16
128 170
129 147
336 514
29 32
328 396
105 127
1265 836
17 21
424 430
1381 1088
306 329
42 35
30 39
625 575
313 376
113 149
228 395
695 662
46 49
40 54
1575 1745
28 31
49 53
194 278
474 576
19 27
39 56
111 136
325 446
554 623
22 23
368 506
116 117
472 599
254 356
276 402
536 666
233 236
75 100
37 37
80 103
86 97
450 357
107 129
87 107
548 602
535 469
591 866
790 884
583 899
1733 677
174 193
402 540
391 536
374 495
388 500
221 181
51 89
238 209
452 916
529 864
249 206
153 188
200 194
927 665
224 230
1127 722
114 125
895 793
344 493
97 108
266 286
564 734
691 568
118 131
262 305
318 336
274 304
681 512
500 463
340 288
1050 720
991 921
438 798
360 316
352 490
337 291
1693 826
429 352
165 174
517 839
649 949
626 1026
600 447
1092 974
859 1395
636 1143
850 652
307 264
567 442
783 879
351 292
493 548
507 358
357 503
288 274
119 112
154 220
866 872
392 369
561 454
448 515
431 374
348 312
342 320
553 385
302 242
624 663
1148 1450
805 467
712 1051
1348 761
179 197
948 875
967 1257
637 860
241 318
1062 707
1059 1101
383 476
1206 938
1126 870
2223 1207
642 580
393 427
1529 1485
1259 868
584 843
1338 1427
445 413
217 204
750 922
1987 1764
191 280
566 543
867 1194
320 458
1662 1855
774 1420
864 926
745 851
1667 1663
1006 1005
524 698
1905 1803
441 539
149 225
1075 1651
1436 1359
1086 1306
578 478
1925 1861
573 380
550 927
731 743
1775 1422
1990 1406
1210 1433
1557 1348
702 897
966 1151
937 1333
824 574
941 654
1464 1592
1020 1038
1128 1581
akaze 230
559 581
756 839
682 751
726 798
750 823
531 594
739 816
675 753
686 756
744 821
371 393
748 815
688 775
693 761
735 817
236 246
755 819
646 721
527 592
733 826
83 45
736 811
599 672
471 526
712 812
721 797
635 678
469 510
711 803
725 799
526 587
287 289
719 795
716 809
532 588
282 297
701 776
709 792
539 593
251 281
717 784
710 801
462 494
249 267
718 790
700 779
453 493
241 293
683 760
705 780
455 501
88 280
696 773
676 757
468 406
97 274
690 768
687 767
474 414
85 79
708 793
728 782
288 288
112 90
680 769
695 762
257 250
706 783
703 787
255 260
685 764
697 758
244 271
720 744
660 740
286 252
666 743
650 735
268 261
672 700
654 709
246 66
657 676
665 722
245 52
645 714
649 713
195 199
651 730
640 723
77 61
641 718
630 712
73 63
629 710
632 708
103 74
628 702
623 690
87 48
627 699
637 698
31 13
606 679
610 720
5 10
612 680
620 687
3 9
621 689
585 667
583 653
544 625
536 600
572 638
537 604
534 606
569 628
560 656
533 595
573 643
562 633
574 635
543 605
554 603
558 615
546 607
577 644
576 666
568 623
549 597
564 618
552 589
617 657
570 611
553 616
582 652
580 655
565 662
551 610
556 626
592 658
566 651
589 661
594 659
540 609
588 475
444 648
501 540
520 569
515 565
512 554
506 550
514 556
510 438
513 436
407 541
440 480
430 463
431 452
436 466
439 457
434 465
429 461
418 422
477 469
438 462
428 464
432 468
400 420
442 474
454 446
423 301
443 395
308 326
307 309
346 391
335 344
300 321
363 358
302 319
283 315
344 362
310 300
341 357
285 296
340 364
351 374
350 371
349 366
333 349
324 329
373 410
318 316
327 353
319 302
342 304
390 385
357 156
396 208
304 115
321 128
216 225
165 160
115 95
143 98
177 164
175 165
178 191
171 174
135 117
147 149
132 107
150 139
146 122
161 150
128 119
164 141
127 110
156 152
140 112
123 102
163 171
167 201
41 143
43 27
50 35
46 34
47 30
62 50
2104031122 2137277251
2
sift 22
0 1
2 2
4 4
6 9
1511 1357
112 541
99 55
1102 1158
54 163
380 1538
2362 1316
2341 629
522 642
2036 627
1622 1799
469 1603
972 1748
2521 2074
1698 915
629 893
1318 2052
2264 1673
akaze 44
756 693
750 686
739 681
748 666
735 677
737 674
703 655
719 660
712 667
690 646
707 647
731 668
630 678
666 636
665 633
651 625
649 614
632 613
623 550
580 608
589 606
594 579
588 590
585 578
617 581
592 576
532 409
537 421
534 407
533 422
377 587
437 428
438 440
423 280
290 400
480 58
440 153
315 307
336 257
378 385
213 330
159 328
152 138
186 188
2135187765 2137277251
2
sift 13
18 18
4 4
8 9
1441 751
13 11
516 1177
176 58
520 909
642 1567
730 1534
708 1462
1451 1492
331 566
akaze 52
598 559
839 693
823 686
588 409
813 679
822 697
291 276
818 675
812 667
799 661
785 668
768 646
795 660
809 659
804 658
796 655
771 641
712 678
743 636
713 614
715 623
730 625
658 576
631 555
648 580
663 579
437 549
473 571
604 421
606 407
584 445
627 327
462 440
472 428
537 310
529 284
443 317
380 444
480 153
355 338
384 388
387 369
400 366
386 379
403 373
398 365
146 326
389 174
195 393
44 378
181 161
185 163
2135187765 2140708671
2
sift 28
18 10
142 191
2 1
4 3
2361 1052
13 8
26 179
512 311
805 1058
747 1232
879 1676
945 825
489 806
2263 2432
1515 1927
1614 896
642 2176
970 2766
858 596
1105 1071
1671 2056
763 1401
820 1811
918 229
550 944
1277 1212
1627 2730
472 1671
akaze 44
759 782
413 83
823 885
814 861
822 877
598 813
297 103
797 854
795 866
581 561
799 853
809 851
291 367
796 839
812 850
804 860
771 816
743 822
712 815
713 796
715 795
730 799
718 800
723 803
663 753
648 780
637 737
659 754
606 568
604 573
476 760
444 554
428 550
529 364
475 427
167 576
300 302
400 439
384 437
387 434
146 75
178 150
185 149
44 161
2137277251 2140708671
2
sift 217
2 2
162 181
20 15
4 3
6 5
2070 2177
28 18
8 7
11 8
166 209
17 11
344 424
189 197
22 12
474 534
194 193
29 29
44 53
115 106
343 422
36 38
1486 1039
46 64
337 421
1025 1064
253 243
39 22
49 62
146 186
48 21
259 263
561 593
32 33
42 35
248 472
903 910
54 59
261 347
64 110
603 674
334 630
160 205
55 73
73 119
473 641
77 127
329 414
482 658
69 140
381 437
57 68
722 921
458 461
377 416
60 80
616 758
237 214
532 765
71 163
405 469
433 644
490 789
1219 1692
154 207
439 509
435 405
1028 1216
539 660
557 825
544 670
591 706
771 936
1996 2104
144 195
586 801
311 397
483 617
445 531
328 284
156 200
578 676
709 953
278 315
285 389
176 216
258 295
521 582
412 560
650 742
807 1748
426 451
506 662
644 705
446 565
1090 1062
97 133
348 521
398 382
640 692
158 219
143 202
422 428
1133 1144
554 634
924 1159
531 613
491 580
347 651
836 870
148 198
884 1376
1209 736
1106 1155
670 828
423 354
513 686
429 481
1221 1298
894 962
180 225
141 196
520 745
727 900
413 454
747 896
652 866
312 449
1283 1271
1834 1623
317 289
452 379
309 574
2173 1772
1182 1278
256 257
618 638
801 1098
746 763
271 288
667 1277
967 1140
502 609
1537 2432
719 1018
1041 1081
1494 1814
726 951
183 206
786 1057
177 218
262 259
814 980
788 1326
710 1134
1056 1306
614 787
338 415
1384 1449
1214 874
1188 1455
935 858
367 355
182 194
524 530
1314 1356
1958 2164
1063 1256
811 1213
2017 1899
1524 1672
2089 1723
463 470
1742 1560
352 328
734 1004
998 1088
548 667
599 809
1075 1045
1282 1912
456 506
817 975
2011 1844
2574 1327
809 1433
1167 1715
792 1299
360 357
457 447
931 1076
265 258
287 348
881 944
1242 1353
1327 1371
1425 1637
369 418
1149 1427
958 1116
2581 2201
1677 1199
751 1519
596 747
1315 1266
2471 1972
487 537
757 1096
780 1320
1388 2180
961 1027
566 654
2208 1928
850 773
425 713
803 567
2285 2419
886 2033
akaze 200
686 885
453 546
690 861
697 877
666 856
238 70
621 811
670 864
671 855
244 83
549 722
694 873
675 865
534 703
683 870
667 850
467 521
660 866
655 839
390 523
659 851
648 830
400 536
665 854
642 857
252 296
663 858
646 831
259 320
661 853
638 832
285 300
649 846
645 840
287 330
669 848
656 841
283 329
641 816
628 812
232 293
632 820
636 822
76 29
613 824
627 781
68 28
630 777
623 795
57 38
616 784
594 782
17 1
604 787
600 801
605 793
612 859
603 788
614 796
620 791
651 797
599 789
625 799
593 743
554 728
539 732
563 736
588 752
565 710
541 711
542 708
569 747
550 719
544 716
566 785
556 779
560 738
568 742
572 744
567 737
586 761
578 749
575 748
561 724
590 750
573 745
580 780
582 753
570 746
579 769
543 707
583 773
587 764
589 766
551 578
455 691
532 687
496 674
511 564
522 585
491 555
450 693
535 595
528 606
529 591
398 549
436 586
415 562
427 593
442 590
448 589
437 597
426 580
428 588
421 573
405 551
444 587
460 602
409 565
489 385
505 375
361 416
357 421
363 424
368 429
360 435
271 352
370 423
276 367
279 302
284 364
286 366
320 369
289 371
291 394
330 391
346 370
331 432
333 400
338 409
345 407
337 390
347 408
358 427
372 428
342 418
385 430
388 437
343 450
344 422
351 419
353 414
369 434
380 448
350 412
365 438
366 439
340 436
381 444
373 507
379 449
329 123
223 267
144 129
162 142
167 132
147 144
129 95
118 109
133 108
146 131
151 140
154 137
97 78
188 172
114 69
91 90
168 135
81 94
155 159
119 32
159 143
163 149
141 125
183 148
60 93
177 146
157 139
175 168
164 173
143 128
190 133
158 152
170 19
25 10
26 13
19 11
8 15
27 20
21 18
